-4.2147 -16.752
-6.3328 -17.115
-5.9766 -12.617
-5.1205 -16.833
-5.237 -14.609
-3.8493 -16.202
-5.4062 -16.326
-6.4619 -22.795
-4.5246 -18.511
-4.6403 -15.856
-1.5726 -15.336
-3.0811 -19.75
-4.1887 -13.667
-3.5229 -16.166
-5.3406 -14.182
-7.4161 -20.631
-3.4579 -20.997
-4.8234 -11.664
-2.7987 -15.4
-3.6122 -15.076
-3.8315 -16.944
-5.4759 -17.389
-3.7878 -11.228
-5.5435 -13.383
-4.6267 -17.694
-5.0888 -14.753
-4.5523 -16.733
-1.7677 -14.217
-5.1985 -17.505
-5.5526 -17.872
-3.1867 -9.7267
-5.9284 -17.174
-5.0484 -13.904
-6.7009 -16.77
-4.5584 -13.879
-4.2902 -15.156
-4.2152 -16.476
-5.0055 -16.292
-4.1568 -9.4747
-5.6757 -16.072
-7.3808 -19.675
-5.7682 -17.472
-3.8943 -10.204
-2.927 -17.686
-3.7323 -15.422
-5.7681 -18.786
-4.5194 -20.083
-6.5004 -15.366
-4.1721 -13.603
-4.4307 -13.442
-7.1011 -15.348
-5.4288 -17.692
-2.7438 -13.259
-7.7603 -22.199
-5.9044 -22.725
-7.1669 -18.19
-6.4488 -12.994
-7.2796 -21.84
-4.4908 -16.931
-6.2904 -12.451
-4.8645 -9.9872
-4.1312 -11.065
-5.4431 -14.47
-4.1348 -16.511
-5.2917 -14.535
-5.397 -17.971
-4.5284 -12.536
-3.6495 -14.365
-5.4723 -18.947
-2.7294 -13.899
-6.7151 -14.873
-7.9287 -13.894
-4.6891 -19.709
-8.1994 -20.61
-8.9939 -18.225
-5.2235 -13.942
-4.8425 -15.115
-5.5776 -17.492
-5.4968 -6.2361
-4.3736 -20.349
-5.6582 -11.727
-4.8366 -16.309
-5.5778 -19.879
-5.6679 -17.641
-2.5852 -11.103
-2.4069 -11.493
-4.7513 -21.2
-3.9024 -12.874
-3.271 -13.446
-7.1852 -14.802
-8.3361 -13.955
-3.366 -21.494
-4.9381 -12.363
-6.9876 -19.567
-4.0483 -17.344
-3.9915 -17.646
-2.3926 -13.336
-5.2993 -17.213
-5.288 -15.204
-6.5697 -19.404
-8.5638 -14.159
-5.9783 -16.295
-3.4316 -17.886
-6.4898 -16.597
-4.6799 -16.069
-7.0432 -14.619
-3.002 -16.319
-3.238 -12.037
-6.1881 -15.544
-6.4564 -12.19
-3.6675 -15.134
-3.5326 -11.043
-3.7415 -15.601
-4.9633 -13.478
-4.5694 -19.126
-4.355 -16.777
-5.5928 -16.352
-2.3055 -12.185
-6.2871 -19.318
-6.0178 -18.079
-4.9595 -19.245
-4.8876 -8.4358
-6.4932 -19.301
-6.7616 -17.959
-6.0117 -21.62
-5.5084 -19.392
-5.0321 -15.897
-6.792 -19.725
-5.9743 -15.876
-5.6546 -13.48
-6.4702 -18.286
-3.6291 -11.734
-4.2901 -12.238
-5.4818 -11.469
-2.8145 -12.577
-3.4021 -14.61
-5.1906 -10.619
-3.5845 -12.888
-5.3027 -16.464
-5.6568 -17.706
-6.1713 -17.53
-3.1576 -15.248
-2.8697 -16.511
-3.5212 -14.922
-5.1897 -14.491
-3.1398 -14.817
-5.145 -18.986
-4.7089 -17.466
-5.0452 -14.631
-5.6017 -14.37
-4.6157 -13.588
-4.6428 -17.967
-6.4007 -18.48
-4.7895 -19.316
-1.3593 -14.205
-4.3158 -18.347
-2.9785 -17.652
-4.6017 -13.645
-5.5303 -21.941
-5.2848 -16.976
-6.9595 -15.792
-6.0709 -16.867
-3.849 -14.471
-4.213 -14.441
-5.2429 -7.8064
-1.1793 -14.69
-2.5748 -12.438
-5.0381 -19.284
-5.1913 -13.386
-4.0763 -13.232
-5.7331 -13.814
-3.5021 -15.931
-4.669 -16.924
-4.3161 -12.992
-6.6445 -15.894
-4.7865 -11.508
-4.5458 -13.315
-6.8808 -10.135
-6.6699 -13.189
-6.5388 -20.949
-3.9902 -19.35
-4.0127 -16.547
-7.4615 -21.512
-4.8308 -16.649
-7.2375 -14.56
-4.9708 -12.565
-4.4507 -17.398
-7.7143 -14.432
-3.1673 -12.914
-5.094 -16.457
-6.6618 -15.056
-1.6427 -9.5213
-2.3573 -14.788
-4.4709 -15.648
-5.2706 -15.728
-3.6281 -15.934
-3.7795 -13.703
-8.3416 -17.257
-6.2615 -13.463
-6.9895 -17.325
-5.7165 -18.687
-3.4738 -15.027
-7.0707 -17.916
-5.6119 -17.71
-4.0718 -8.0702
-9.1453 -20.254
-2.95 -14.214
-7.8928 -20.1
-5.1598 -16.148
-5.3273 -17.285
-4.8112 -15.644
-4.0572 -14.539
-7.1414 -18.508
-3.3075 -13.857
-5.0481 -8.563
-4.7568 -12.458
-6.639 -15.107
-5.0681 -18.648
-4.5221 -13.718
-4.8517 -12.745
-4.3462 -21.789
-6.6894 -16.585
-8.1079 -11.137
-5.1289 -18.799
-6.5388 -20.261
-5.1528 -12.38
-4.5009 -19.876
-6.9935 -18.858
-7.4685 -16.95
-6.3303 -18.001
-6.2043 -17.241
-5.311 -15.972
-5.393 -17.723
-3.5978 -14.939
-5.2047 -19.245
-3.9838 -20.93
-5.3678 -13.273
-6.8046 -22.854
-4.0267 -16.701
-6.014 -12.302
-7.1872 -24.003
-4.3434 -15.093
-4.1794 -12.589
-4.3694 -10.525
-6.0319 -17.028
-4.9723 -16.649
-6.0861 -22.515
-4.8434 -15.135
-5.6296 -18.708
-4.0535 -17.376
-5.2721 -15.313
-5.6648 -16.967
-4.7223 -17.478
-6.7778 -20.807
-5.3021 -15.955
-6.6206 -19.71
-5.7355 -18.756
-3.5075 -13.746
-4.6812 -12.178
-5.6149 -17.503
-4.4608 -15.129
-4.6024 -17.015
-5.5605 -16.409
-6.7392 -20.135
-2.5264 -16.544
-4.931 -17.028
-2.7302 -10.32
-5.0649 -18.193
-3.296 -15.959
-4.1803 -11.438
-5.0102 -18.86
-7.2063 -16.11
-6.0178 -19.084
-5.4834 -16.547
-3.6455 -14.325
-3.7429 -13.202
-4.6213 -16.205
-5.1052 -17.938
-4.291 -16.051
-5.7498 -13.317
-3.5825 -9.5665
-5.9957 -15.882
-7.0355 -14.497
-5.1761 -18.443
-7.0599 -16.829
-4.5723 -12.473
-3.2722 -14.397
-6.9333 -18.592
-7.3208 -21.234
-5.3368 -11.409
-5.1174 -15.504
-3.3942 -12.562
-4.5588 -11.009
-4.4113 -15.99
-6.0709 -19.119
-5.0226 -16.23
-3.5389 -19.486
-4.0387 -17.943
-5.3597 -15.855
-5.4408 -16.846
-1.6883 -8.6734
-4.4746 -13.443
-5.8579 -16.213
-5.5965 -15.259
-4.7676 -14.935
-3.1204 -13.791
-5.3828 -16.405
-4.7765 -18.32
-2.6587 -11.994
-3.5124 -14.149
-5.6518 -19.647
-6.2788 -19.012
-3.2905 -15.461
-5.0353 -18.57
-5.1548 -15.538
-6.894 -17.248
-8.6587 -21.768
-6.2142 -11.838
-3.0435 -20.016
-5.6806 -17.832
-6.178 -14.613
-5.4866 -11.731
-4.0347 -18.155
-6.0706 -18.539
-8.291 -13.633
-6.001 -15.819
-3.466 -17.432
-3.1613 -13.755
-3.4069 -19.136
-4.3554 -19.844
-4.7528 -14.177
-6.4701 -22.263
-4.0208 -16.285
-6.0554 -13.499
-4.3474 -18.048
-6.8869 -11.064
-5.1638 -12.901
-3.2688 -19.146
-5.4261 -13.6
-4.4387 -19.668
-5.0934 -19.22
-5.5802 -11.123
-4.6486 -12.909
-5.6924 -10.906
-4.2112 -11.896
-5.9656 -16.006
-6.1106 -12.6
-5.5938 -21.195
-3.6552 -13.503
-4.3278 -16.678
-3.7423 -14.842
-2.0051 -10.526
-5.4956 -11.937
-5.7551 -17.96
-3.8228 -17.699
-5.2531 -16.793
-4.1862 -13.332
-3.9845 -15.602
-3.8593 -15.357
-5.1709 -14.094
-2.3051 -15.77
-5.1915 -13.645
-7.0763 -15.734
-5.869 -17.361
-3.9104 -10.155
-3.0674 -19.572
-5.4916 -12.327
-2.6182 -14.199
-4.8043 -19.37
-5.7282 -15.726
-3.5924 -18.168
-5.4829 -9.7218
-6.6684 -15.576
-9.0036 -24.436
-3.9821 -17.286
-4.2516 -15.433
-6.3604 -18.375
-6.6527 -15.881
-8.0699 -23.828
-6.1533 -14.07
-5.795 -21.09
-3.7392 -18.062
-5.2207 -18.279
-2.1148 -6.6476
-5.9262 -17.943
-6.5362 -13.476
-5.3557 -19.093
-4.7489 -16.085
-4.7744 -11.45
-4.7701 -17.287
-4.4072 -13.344
-4.2025 -13.096
-5.4571 -14.972
-6.4814 -19.862
-4.87 -16.797
-3.4274 -13.084
-2.0137 -14.682
-5.1984 -17.293
-6.877 -12.069
-7.2261 -15.751
-5.973 -15.814
-6.7828 -20
-5.4632 -14.842
-6.8842 -22.158
-4.4196 -13.4
-2.7503 -12.418
-3.3353 -14.151
-4.7956 -11.501
-4.4731 -17.787
-5.3201 -11.205
-6.5334 -17.281
-6.7387 -18.796
-5.9338 -12.189
-4.6781 -20.957
-7.3946 -21.115
-5.5363 -16.617
-4.7333 -12.128
-4.4349 -14.051
-4.1534 -14.034
-2.0413 -14.858
-5.8042 -25.438
-4.234 -19.884
-7.2213 -17.548
-3.7063 -14.974
-5.7078 -13.397
-3.937 -13.694
-1.2066 -10.742
-6.143 -15.775
-5.4665 -17.353
-2.5712 -12.799
-3.0319 -12.689
-4.3938 -16.649
-5.5762 -15.656
-6.0848 -14.384
-6.4019 -17.955
-6.1331 -19.182
-4.6134 -10.215
-4.6056 -17.915
-2.7054 -5.9048
-4.933 -15.555
-4.269 -17.684
-5.9544 -18.469
-4.7771 -18.239
-6.7143 -16.411
-4.0061 -16.084
-7.033 -18.728
-4.8272 -16.279
-3.5778 -12.818
-4.4584 -12.992
-4.1835 -17.48
-5.6679 -20.861
-8.7115 -22.207
-5.6645 -19.3
-4.4547 -17.468
-7.1206 -21.222
-6.1298 -18.701
-2.7253 -13.555
-5.1512 -14.396
-4.9015 -15.782
-7.0736 -15.919
-5.0648 -18.499
-3.6913 -16.654
-7.4355 -18.982
-5.5462 -18.675
-5.4326 -17.337
-4.4721 -16.024
-3.1435 -17.69
-2.6374 -9.0484
-4.2803 -11.718
-2.8674 -10.515
-5.847 -14.165
-5.3524 -18.522
-6.5562 -16.094
-1.9175 -13.237
-7.5735 -16.647
-4.3578 -11.022
-5.5271 -18.049
-4.3805 -12.527
-7.18 -16.147
-7.4616 -16.531
-4.5818 -16.088
-2.2829 -17.482
-4.3305 -16.658
-4.1265 -17.808
-6.0054 -17.792
-4.54 -10.682
-5.8542 -21.014
-5.9367 -18.703
-6.248 -14.348
-5.4798 -19.821
-3.8129 -11.768
-1.9273 -11.689
-4.6212 -12.788
-5.2186 -11.613
-6.9565 -15.037
-3.8882 -20.311
-4.1832 -15.138
-6.2089 -14.599
-3.8285 -23.137
-3.1679 -16.513
