7.2326 -10.857
2.7768 -10.621
4.8026 -11.262
4.8837 -7.9375
3.64 -8.077
6.0686 -11.432
4.5706 -10.875
4.2482 -8.0767
7.8908 -11.746
6.1536 -11.996
7.9446 -12.683
6.5177 -11.237
9.1609 -14.815
7.0534 -13.371
7.1101 -14.08
7.5962 -12.181
4.5132 -11.55
4.2112 -10.132
7.8323 -15.308
7.5381 -14.221
4.6098 -9.4013
5.8185 -11.322
5.9757 -9.1833
6.9903 -10.499
6.5838 -12.325
3.5022 -9.6549
7.6228 -13.009
6.1638 -12.669
6.3383 -14.013
6.5203 -11.062
6.3476 -10.815
5.535 -12.168
4.2995 -11.361
5.4982 -11.324
5.2894 -10.039
7.4139 -15.182
10.095 -14.404
4.8096 -10.308
7.4361 -11.687
6.7343 -10.874
6.2627 -11.56
7.2774 -13.259
6.8041 -13.526
6.1971 -9.5494
3.8046 -9.5649
4.6739 -9.4799
8.362 -10.589
7.3698 -12.488
6.7998 -13.022
8.2534 -12.743
6.7623 -11.201
6.1315 -15.456
5.4881 -10.065
5.1326 -14.769
5.8647 -12.139
3.4303 -11.064
5.5126 -15.472
8.3371 -14.122
5.7094 -10.89
6.3008 -10.561
6.4669 -14.1
9.7455 -16.508
4.2161 -8.4438
3.6827 -10.601
7.0905 -13.779
7.398 -13.351
5.0737 -12.699
4.4368 -10.624
5.6777 -10.55
4.7847 -14.515
6.8467 -16.213
6.3426 -12.269
0.32621 -9.7195
6.2111 -9.4225
4.3217 -11.529
4.7209 -11.862
6.3793 -14.207
4.9435 -8.6271
3.7206 -8.6493
5.6624 -12.457
4.7293 -12.029
5.2606 -10.2
3.139 -12.76
7.5209 -13.672
5.6015 -12.844
6.1953 -12.332
3.9488 -6.0837
5.7319 -14.286
8.1856 -16.058
5.8596 -8.7912
7.9148 -13.128
6.9626 -11.314
6.2999 -14.241
6.0293 -13.434
5.5163 -11.425
7.6683 -13.748
6.9245 -9.5232
3.7381 -9.7422
8.375 -14.144
6.0547 -13.32
7.2426 -13.41
6.8689 -11.106
8.1415 -11.995
4.3825 -9.596
5.6799 -14.014
5.4743 -12.438
8.51 -11.17
9.954 -16.96
5.3883 -10.794
6.751 -14.366
3.6166 -9.1083
5.7936 -12.508
4.4142 -7.7625
6.7863 -12.796
9.442 -12.559
5.9431 -14.126
6.66 -13.12
7.6874 -12.232
4.3902 -16.042
3.2624 -10.497
5.939 -13.359
4.5295 -12.07
8.2944 -12.842
8.4385 -9.7546
4.8478 -13.685
8.1899 -13.8
3.7591 -11.885
6.6575 -13.22
6.1003 -11.422
5.9537 -10.501
5.0412 -11.329
4.2422 -12.978
5.4764 -13.136
6.8622 -10.928
6.5493 -12.507
7.7658 -12.276
4.9226 -9.581
4.4217 -9.8179
6.3 -15.079
5.244 -9.969
7.6111 -13.86
3.53 -9.5495
5.1197 -12.714
6.1576 -11.461
5.0348 -13.955
4.3203 -8.1445
7.8267 -15.792
7.5189 -15.635
8.8873 -15.566
7.0886 -12.676
5.0577 -9.836
5.5307 -11.752
6.6117 -11.822
8.0051 -14.953
5.6744 -12.502
3.1419 -9.512
4.2847 -6.7663
7.1003 -13.695
6.0081 -15.047
7.5897 -15.038
6.7299 -11.436
3.5881 -8.6943
8.1337 -10.623
3.8688 -8.7326
5.8595 -11.337
6.2237 -9.7705
6.7169 -11
8.4574 -12.553
7.7833 -11.099
4.3187 -12.917
4.3647 -12.639
7.7408 -12.882
7.0706 -13.408
6.3068 -13.529
5.9248 -9.7644
7.0095 -13.321
5.2042 -10.173
9.6613 -17.31
5.9253 -10.34
5.9458 -13.066
5.3673 -15.994
6.3976 -13.397
6.2423 -12.641
4.4571 -9.1971
7.5849 -12.058
4.8428 -12.396
4.4928 -10.837
6.8052 -12.918
5.1986 -11.705
5.5006 -10.14
3.5174 -9.347
4.9139 -14.401
7.0635 -10.12
5.6222 -9.885
5.9163 -12.159
4.2973 -12.807
3.1296 -10.869
4.5795 -10.839
5.0856 -14.361
5.2532 -12.389
7.8095 -12.956
5.4852 -10.546
8.2098 -11.337
8.5818 -11.048
6.253 -8.7864
5.096 -13.189
6.183 -14.106
5.2831 -9.0534
5.6165 -14.628
7.214 -14.221
7.3261 -10.662
3.8088 -13.872
4.0883 -9.5404
8.1408 -11.094
5.154 -13.673
5.0563 -9.8904
8.5878 -16.77
7.3277 -13.97
8.1105 -13.179
5.1228 -12.107
8.7816 -12.82
5.2416 -11.292
6.2026 -10.447
4.5431 -13.477
6.2672 -13.09
5.5047 -9.0227
6.7908 -11.542
4.0444 -10.465
4.0391 -10.974
4.4238 -8.3823
4.71 -7.2925
4.5424 -13.592
5.0502 -11.026
3.2659 -8.126
4.4773 -10.363
2.454 -15.238
3.2189 -11.993
6.7246 -13.265
4.0406 -11.439
5.7703 -9.4453
4.7407 -7.4251
7.3706 -11.815
2.001 -8.0851
6.023 -9.6405
8.6379 -14.392
7.5407 -14.143
7.1402 -12.341
5.3027 -10.593
11.764 -17.364
5.8342 -10.407
7.7571 -13.347
8.923 -14.703
5.5479 -9.7923
6.0463 -11.811
5.3871 -12.311
4.2752 -11.7
7.2435 -13.333
5.8606 -10.002
2.7759 -13.68
5.9211 -12.874
7.877 -16.734
5.6657 -9.9687
6.741 -15.088
5.7105 -13.432
2.5252 -12.036
5.1025 -9.5113
5.6492 -11.936
3.4233 -11.078
2.7554 -11.398
7.28 -11.077
6.6602 -15.038
4.667 -12.561
3.1009 -9.2955
7.8343 -16.103
7.6341 -12.844
4.9833 -12.369
5.8774 -8.5902
6.8187 -10.263
5.5559 -11.734
6.2722 -11.491
9.1951 -14.204
5.9937 -5.9519
8.151 -13.523
7.5411 -16.684
4.724 -12.452
8.152 -14.021
4.9531 -14.495
6.7513 -11.864
5.9493 -9.3066
5.393 -12.664
7.9195 -15.509
6.8664 -13.873
5.7311 -11.227
7.4391 -13.015
7.0885 -16.333
7.2587 -11.596
6.0047 -10.886
2.8378 -13.776
6.5962 -12.002
7.9989 -11.621
5.2363 -10.509
4.9294 -12.235
5.8341 -10.168
6.8929 -14.994
6.5771 -16.09
5.2879 -9.684
8.5929 -13.177
3.7445 -9.4865
3.6318 -12.448
10.236 -11.172
6.5855 -13.443
7.7899 -11.684
4.5541 -13.385
5.7411 -13.771
8.9811 -15.331
5.8672 -12.468
5.1109 -10.665
6.1073 -10.107
2.2148 -8.063
7.5297 -11.668
5.031 -10.355
4.2875 -11.579
5.1686 -12.702
5.4474 -11.859
4.8159 -10.337
2.5827 -11.314
4.6285 -8.0636
5.8773 -8.9147
4.3352 -9.6145
5.0169 -10.477
5.4103 -13.357
6.2552 -16.808
6.1227 -13.613
4.9551 -14.044
3.987 -9.4487
3.9039 -7.759
6.664 -11.794
5.1862 -12.353
7.0318 -14.486
6.9207 -13.542
7.59 -11.507
7.0653 -12.626
5.5005 -8.1304
6.108 -13.719
6.4981 -17.431
5.8545 -11.649
4.2855 -13.052
5.1985 -10.56
9.0776 -13.358
5.2632 -8.6837
4.0202 -14.461
6.2218 -11.248
5.342 -10.318
8.7258 -15.95
7.0069 -10.505
6.837 -8.1962
4.8972 -11.028
7.6906 -10.91
4.6539 -10.912
8.0899 -16.025
2.2512 -8.9015
8.5331 -14.333
4.8016 -12.008
5.6856 -10.904
5.7552 -10.359
6.5311 -15.457
6.4965 -9.1494
8.7545 -12.144
5.8599 -12.383
6.4294 -10.381
6.9564 -14.358
6.4449 -12.134
5.5837 -10.096
7.022 -13.238
4.4259 -11.633
5.3436 -13.336
6.8628 -11.91
6.0516 -12.588
7.0936 -12.955
5.1364 -8.2517
4.6001 -10.287
6.0563 -13.112
5.6489 -10.901
3.5337 -14.385
5.952 -15.446
5.8662 -13.119
3.3674 -12.506
2.4514 -10.97
5.1045 -9.8965
8.7764 -12.849
6.7193 -15.901
9.4068 -14.461
4.3223 -7.5477
6.1361 -13.532
4.0878 -16.324
8.9012 -17.749
3.925 -13.265
6.3029 -10.834
6.8282 -13.648
4.2045 -10.596
7.9787 -13.426
4.871 -12.296
3.7441 -7.9756
6.2054 -14.918
5.6196 -14.41
6.0767 -12.646
5.2024 -9.8078
7.8626 -10.812
6.1302 -15.95
7.0324 -11.479
3.4997 -12.24
7.9891 -13.638
5.0718 -15.264
8.0869 -13.878
4.1545 -12.724
6.1838 -13.59
1.7959 -6.9867
4.9293 -9.2181
7.3292 -11.695
6.4463 -14.576
7.9707 -15.433
6.8164 -11.879
3.8844 -14.633
6.7326 -12.58
5.9283 -13.437
9.0664 -12.936
6.9022 -14.803
7.6782 -13.255
6.8316 -15.89
5.2455 -11.469
7.2211 -13.107
7.349 -16.069
7.5893 -13.235
5.6044 -11.601
3.578 -12.432
7.0845 -11.036
5.1135 -12.853
8.083 -16.731
5.1546 -12.281
8.3799 -15.153
9.0479 -15.013
4.2954 -14.022
6.9633 -10.961
7.6846 -15.551
6.5792 -12.576
4.4259 -11.729
3.7243 -9.7726
8.0872 -15.016
6.6321 -11.581
3.3111 -8.8393
4.0849 -11.447
7.7427 -13.771
4.9432 -10.588
7.6522 -13.104
7.6665 -9.2863
4.6619 -11.044
7.9296 -17
7.3544 -11.406
3.3771 -9.3205
6.5523 -14.381
7.3872 -14.008
7.6058 -11.317
5.2516 -13.502
7.5977 -13.967
3.7741 -10.393
4.286 -13.331
6.2291 -11.682
5.7303 -11.969
5.2483 -8.2631
7.6029 -12.029
7.363 -13.928
4.956 -9.7612
4.9861 -12.418
8.2197 -11.173
6.8842 -15.443
5.187 -9.5734
3.789 -10.032
6.3998 -11.056
5.1068 -12.332
4.1249 -9.5856
5.8223 -12.056
5.9963 -11.395
6.1786 -13.37
4.9144 -9.983
6.1807 -12.242
6.0878 -10.548
5.8481 -10.529
6.1514 -13.924
5.3855 -14.134
8.2775 -15.176
6.9305 -14.294
4.6366 -13.363
8.6097 -15.009
2.8521 -10.46
5.1914 -12.986
7.3716 -10.894
8.9895 -12.98
4.982 -9.2815
9.5505 -13.053
8.6411 -12.18
