0.059635 1.5163
0.81519 3.4961
3.5378 2.0154
0.0094882 3.8945
-5.4869 1.4025
2.8535 1.8526
-2.4206 -1.0241
2.2096 5.6707
-0.69427 2.8887
4.252 1.7753
-3.5916 1.7318
-1.0667 1.2527
2.1396 1.1835
3.047 0.9998
0.79391 -0.41353
-0.53776 3.9104
-2.5735 2.877
1.4581 1.7587
-2.9237 0.91654
8.0461 4.4301
0.24547 -0.92738
2.7069 -2.1609
2.8105 0.91203
3.5711 0.84965
-0.46059 3.9684
6.3127 1.3632
1.7507 -0.53193
1.6496 -0.25954
1.794 1.3438
4.5162 3.5136
4.7039 -1.4767
0.52988 1.138
-5.1675 0.04331
-1.7481 3.439
-4.3729 4.4942
-3.3987 2.2744
2.2621 3.2914
-1.7484 0.67392
5.1677 0.95169
2.9364 2.1109
-1.0334 2.8981
0.87754 5.3771
3.8933 2.7768
1.7958 0.59984
-1.1661 0.23309
6.1117 0.92444
1.7332 3.0785
6.4795 3.2772
4.7014 2.6941
1.6081 2.8145
0.16529 1.7512
-1.9253 0.80569
5.388 3.2259
5.2416 3.4354
1.1132 0.43791
-0.7173 -1.783
1.4175 1.0473
-1.2637 -0.059777
-0.18767 0.46981
0.078626 3.3802
1.3792 0.8853
0.815 1.8068
4.3077 6.8192
-1.6476 1.7009
4.6512 0.93657
4.4903 2.7763
2.7747 0.014184
1.9473 0.95271
-2.9006 0.67043
3.3622 2.3165
1.1934 3.8744
-0.28845 2.0777
2.9716 1.9501
3.1323 2.619
7.451 0.97455
1.6235 2.7082
-3.8956 0.41848
-3.8107 2.1448
-2.8667 0.96626
-2.9272 0.1121
-0.69163 -0.85435
3.921 2.6147
-0.86809 2.4753
-1.2692 0.82428
-3.9934 -0.72289
2.323 0.37863
1.3352 3.6218
-0.071167 0.73132
0.969 2.4301
-0.48479 1.788
2.8599 3.7622
7.5573 1.9829
2.336 2.199
4.5422 5.1046
2.5674 3.3293
1.3032 5.3954
7.8725 3.2275
-4.2023 2.402
-0.53754 3.5044
5.2121 4.0308
0.2262 0.47124
2.6537 -0.94217
-0.33848 2.7246
5.4588 1.2594
3.7508 5.6136
-0.64503 2.6259
0.15271 2.9735
-0.90827 2.8746
3.0768 4.0323
-6.2974 0.61766
3.732 2.2442
-4.1242 1.6939
-5.4975 2.8026
0.14704 2.6481
5.0114 1.7075
6.1508 4.114
5.2264 2.9614
-3.3837 -0.089952
3.8617 2.4094
-0.67232 0.053698
-6.7551 -0.11823
4.4992 3.3549
-2.4101 -1.3546
-2.8751 -0.68083
-4.2907 3.4797
-0.0037806 2.5226
5.0554 3.5027
-3.4644 3.0401
6.712 4.6445
-0.68166 2.2501
0.34876 3.2176
2.542 1.0396
5.9452 2.17
-1.6171 1.1656
6.698 1.6735
2.6425 1.4033
-3.287 2.1474
-3.6008 1.0651
-1.2989 1.9466
-0.82195 1.1637
6.9429 2.8471
-3.64 2.8825
10.236 0.52872
-7.5138 3.0144
0.14748 2.7684
-0.17928 4.0342
1.8279 3.7296
2.3261 0.2555
-1.7473 1.4553
2.2819 1.4427
-4.301 -0.87284
-1.6383 4.1134
5.6717 2.054
3.8801 1.9961
-2.2018 3.0139
5.7031 2.3879
0.43875 1.7347
1.1309 2.7227
2.4668 3.1976
1.5308 3.3171
8.1367 3.8055
1.2107 3.3073
1.4246 1.4421
0.1111 -0.80548
-3.4184 4.4646
2.1947 1.2413
2.7137 4.6358
2.6885 4.5821
2.9137 3.6277
4.0942 3.4368
-1.3847 2.0059
2.7234 1.9413
2.8635 1.5718
-0.36718 0.85274
0.91566 1.0916
-1.5078 4.2883
2.2001 -1.002
-0.051518 1.5513
6.9091 2.1359
2.4366 3.5834
0.058758 2.2834
-1.2389 0.24146
-7.2138 2.9433
1.6908 4.5205
-1.4171 2.1324
1.7162 2.2719
-3.6378 1.996
3.4125 1.6114
-1.0562 3.8731
2.2515 -0.68699
-1.3588 3.9668
0.7842 0.78171
4.7306 1.212
1.2108 2.2742
1.997 2.6494
4.8563 3.3284
-0.36828 2.7568
2.4169 0.12219
4.2877 3.492
4.5154 3.4919
2.9527 3.3284
9.2564 3.3168
-2.9226 1.9622
-1.5977 0.37671
1.9043 2.0972
-0.39762 3.0499
2.5156 -0.098505
-3.2374 0.86184
1.2452 -0.001455
3.6354 4.3835
-2.1135 2.3066
-0.052464 3.856
-5.2297 0.64329
-1.5696 2.5302
1.9409 3.0432
4.9842 4.0804
4.8665 2.8672
1.7917 2.91
-0.86124 -0.74194
-3.4158 3.3236
3.4379 1.5496
2.1654 1.1029
-0.73116 -0.76996
0.24426 2.0553
1.2211 2.1475
-1.3594 2.2396
-1.0967 2.7169
0.12522 1.4273
-0.74703 3.4252
5.2762 1.8459
1.7204 0.2372
2.7799 1.593
7.645 1.7765
-0.13956 2.1003
0.092397 2.5426
-3.0571 -0.24115
2.4467 2.6339
-0.49939 1.0257
-1.3187 3.096
3.0131 1.1338
-3.2526 1.33
-6.9518 0.21779
6.1675 2.2567
5.112 3.3242
3.0747 1.1334
-4.6716 -0.83613
-0.24907 0.33722
8.0488 0.82512
3.5233 3.0464
-1.2194 2.0321
-0.72376 2.9112
-0.11509 0.66076
0.060206 2.4112
-2.0314 0.73085
7.1614 3.7109
4.0079 3.2507
2.1813 2.4473
5.7191 5.541
-1.9136 0.0019858
1.1479 1.6907
1.3146 2.0496
-2.6082 1.8314
3.0773 3.4037
0.39092 4.1196
4.924 1.4744
3.1475 2.5225
-0.76937 -1.311
5.4131 0.028757
4.5763 2.657
3.7843 2.3181
3.7043 1.3802
-0.18262 -0.55844
-3.5288 0.84515
3.0546 3.9405
3.714 2.8929
4.1134 1.1123
-2.2312 1.5291
-0.80049 3.4292
3.4814 3.3656
3.2619 -1.2161
3.6334 2.6937
-1.6891 2.875
3.5658 2.0773
2.2166 0.39871
3.2311 2.5202
-6.595 1.715
-1.797 0.92357
5.7491 2.1146
4.4399 2.418
-4.1889 2.0223
-1.2757 2.2586
-6.2732 2.0582
1.5964 1.6209
0.6312 0.62407
-1.1447 2.9669
-1.734 2.6742
-1.6543 0.28164
-4.449 2.0594
-3.3822 2.4239
2.4899 1.1868
1.6771 4.2173
4.434 2.6667
2.6093 0.064963
0.58835 2.4265
0.0074795 3.6314
-3.2021 0.35622
-0.95307 1.3708
0.46472 4.0252
-0.10734 3.0639
-4.6125 0.91145
-1.6062 1.0322
-2.3787 2.242
2.0337 2.869
0.76045 2.451
-0.69384 0.69466
-2.2272 1.7142
-2.1307 2.382
-5.9804 3.3623
5.2112 4.6085
-2.0052 1.4008
-6.6531 0.61163
-0.18104 1.3636
2.7482 5.1653
-1.7177 3.3325
0.1483 4.6741
1.2922 2.2555
1.2528 3.2028
4.4848 -0.14442
-3.6297 -0.54805
4.8334 2.6951
5.4858 1.1463
2.679 -0.19456
-1.8329 1.3112
-2.7459 3.1032
-0.4932 0.97886
-0.32763 1.4459
1.8934 5.5967
3.8798 5.0054
3.9606 1.1898
4.1245 2.416
0.85336 -1.4478
0.54288 2.7195
1.4779 2.2058
2.3861 2.7572
-2.0952 3.6701
3.0775 3.1402
0.83659 -0.18156
-4.4764 -1.1728
-0.88484 2.0447
1.235 1.0653
2.3561 0.72502
2.9081 -1.2023
2.0985 1.0098
3.3606 3.6044
1.6978 1.0847
-0.27155 1.8309
4.2672 1.4344
1.155 2.3658
0.75339 1.7597
-2.5782 3.4288
3.4782 0.65682
-1.3602 2.2607
3.6589 2.5676
-2.9596 -1.1817
1.7109 2.5718
-0.23561 0.23004
0.72343 -0.094446
-3.3107 1.3322
-0.72553 3.5837
3.9549 3.1386
8.1064 5.2049
3.1405 1.6324
-4.7102 1.2892
-0.44183 2.6007
2.2862 3.514
-1.1245 0.68838
7.3525 2.1678
0.81338 1.8199
4.9609 2.3998
1.8805 2.5864
1.2253 2.6434
6.6524 2.1412
-2.709 1.8575
-0.53286 3.1447
-3.8407 -0.44942
1.8537 1.3097
2.3266 -1.467
2.6441 4.1605
4.2762 3.9525
-2.9718 0.74196
5.4069 1.8056
-4.6929 4.598
2.6703 2.5172
-4.9602 -1.1907
3.4932 4.2053
1.7602 2.7493
4.7103 4.3545
3.0908 4.2734
4.972 -1.1052
-0.83282 1.3803
-3.8977 5.0453
-5.1808 1.2609
7.2535 1.9374
4.4935 2.5578
3.352 4.2997
2.622 2.0765
-2.0196 4.0242
1.4223 0.82146
0.17815 -0.10843
2.4029 1.0447
-0.74314 0.91448
8.6181 3.2807
-2.8396 4.4727
3.4159 0.27444
3.0265 -0.5608
0.13354 0.6528
10.436 0.65217
-0.34561 2.0888
0.60373 1.8084
7.7359 1.4579
6.2222 3.5287
-3.592 -0.7697
4.4401 2.047
2.311 2.5723
2.674 1.8804
-0.72353 1.9084
-3.0626 0.81626
-3.2166 0.56651
-2.6228 1.1202
-0.87016 1.7876
-2.6362 0.67734
4.1066 2.5087
1.7607 3.4139
1.6927 -1.2532
-2.7558 0.78295
3.2488 2.4155
-6.7396 0.91152
-0.98263 4.5998
2.8355 3.6046
7.1715 3.6421
-0.278 2.9614
3.6771 0.75594
7.9244 3.8835
-0.92747 1.2816
-1.1631 -1.2798
8.1323 -0.39837
1.3633 3.1893
4.5158 1.4484
1.9488 2.0836
3.3101 1.7769
3.027 0.66204
2.347 1.3476
-7.6028 1.5511
-0.63889 -1.6443
-0.39825 2.2923
-1.7178 0.2633
-1.402 3.0915
-0.57065 1.7193
-2.714 1.2971
1.137 0.52766
-1.442 -0.03191
-1.3479 3.4347
-4.0334 -0.24433
3.7066 3.9188
-4.695 2.8918
3.4553 2.4505
0.99035 2.7746
2.9559 1.6416
-1.0084 0.94364
2.655 4.1906
3.8965 -1.6779
1.6931 1.4597
1.5034 1.7148
1.0916 0.81222
0.58952 4.0623
1.5026 1.9902
-0.10699 2.6714
-4.3378 0.6159
4.2875 2.8952
-0.97576 -2.0017
0.69463 3.8616
0.49255 3.049
2.9602 1.1262
5.6305 4.0384
-5.7359 2.6957
1.8891 0.18639
-0.2514 2.8702
-3.2252 1.92
-0.10719 1.0448
0.50368 1.8002
7.8767 5.7161
-3.5151 1.1516
6.9549 1.6646
1.0855 2.9377
3.5639 3.9194
-0.32533 1.7459
-2.2472 1.2384
3.0292 3.9121
3.4197 4.8896
3.834 2.0091
