-2.9449 -4.8227
-0.49147 -6.2421
-2.7752 -1.2877
-5.8715 -6.3241
-4.408 -2.7339
0.59489 -1.7673
-1.1138 -3.8882
-2.54 -6.5215
-5.8321 -5.0251
-4.4888 -9.1924
-0.50689 -8.5505
-7.4562 -7.0882
-0.80797 -10.83
-3.7352 -3.0806
-3.776 -8.5906
-4.4204 -0.90711
-2.1505 -6.0269
-1.1277 -5.2342
-3.1894 -3.3993
-6.2101 -3.2546
-4.0412 -5.5805
-1.9671 -9.611
-6.7018 -1.5992
-5.8106 -6.1042
-2.4594 -11.622
-4.0296 -7.8711
-0.32993 -9.3367
-3.3637 -8.3446
-2.4598 -2.5119
-4.5876 -4.964
-1.6327 -7.2569
-4.6891 -0.20707
-1.2267 -10.388
-6.0081 -4.3597
0.51792 -5.963
-3.5263 -3.1673
-9.0771 -2.0418
-3.8395 -9.3476
-0.2125 -6.1268
-2.4385 -9.0254
-8.1831 0.23412
-3.2604 -4.1916
1.6878 -8.5015
-1.8711 -11.766
-4.3912 -6.1645
-1.5129 -5.6935
-3.8122 -2.4429
-2.5521 -10.162
-3.7745 -1.2479
-2.5041 -3.9748
-6.0082 -7.1481
1.3101 -9.4039
-1.3451 -7.0053
1.2277 -8.109
-3.9596 -7.3678
-2.9395 -4.3113
-5.4957 -3.2057
-6.1957 0.85018
0.46719 -7.3451
-6.7717 -4.341
-5.261 -6.7888
-1.9092 -2.2192
-1.5051 -8.5468
-2.0753 -4.8918
-3.4955 -1.06
-0.1814 -7.6035
-1.2933 -6.6909
-0.25886 -11.515
-6.0805 -4.4004
0.38639 -5.7384
-0.38149 -7.8862
-5.686 -8.4975
-0.9831 -1.9776
-1.5934 1.6607
-5.2169 -2.0103
-3.5819 -6.4803
-1.9326 3.8908
-1.6117 -6.9604
4.2169 -4.5113
-1.5675 -2.7125
-4.0576 -6.1253
-1.3629 -4.6284
-6.6047 -7.6074
-0.92366 -1.4446
-5.0869 -4.3531
-5.809 -2.5462
-1.0691 -8.3695
0.93122 1.3521
1.7368 -4.9006
-2.677 -3.6965
0.52949 -4.4356
-2.3765 -6.2258
-5.1402 -5.7971
-0.41688 -7.1757
-3.0695 -0.70707
-0.43311 -5.1574
-5.1643 -7.774
-3.5971 -4.2739
-4.1999 -6.2798
-0.92595 -4.2293
-2.3839 -5.6943
-1.7925 -6.8
-6.8342 -2.6409
-3.1803 -5.9181
-1.2293 -4.1122
-5.9688 -4.8826
-6.1056 -2.8269
2.374 -10.746
-4.9955 -7.3768
-3.6079 -0.88459
-2.2562 -4.6904
-2.003 -0.61411
-7.7366 -5.2915
-3.9609 -5.3114
-2.7358 -5.2086
-1.3079 -4.0987
-1.5437 -3.0195
-3.6413 -8.0912
-4.991 -2.9928
-1.1776 -9.2896
-7.0153 -7.0687
-1.9145 -2.5264
-5.6556 -1.72
-6.8812 -5.6575
-3.4796 -6.9808
-1.7434 -7.5535
-0.29544 -7.4919
-3.0116 -1.8586
2.1396 -5.905
-5.9172 -8.8479
-1.1697 -2.7398
-0.12164 -3.9434
-6.1882 -7.1868
-4.695 -4.4783
1.537 -5.9169
-2.7043 -6.4681
-3.1105 -6.4284
-4.9827 0.82038
-0.030494 -1.0385
-5.4169 -3.8429
-4.9579 -0.93449
1.465 -5.5278
-2.702 -11.892
-4.328 -3.038
-1.9654 -5.7761
-6.8294 0.73525
-6.622 -3.8587
3.5489 -14.321
-1.0053 -5.7607
-4.817 -5.8439
-4.8776 -5.2013
-0.094965 -10.851
-5.9861 -0.81022
-3.5311 -3.5492
-0.66112 -1.1574
0.78334 -6.0353
-1.931 -8.8535
-2.0263 -11.04
1.6825 -3.4008
-1.5012 -5.5071
-3.8283 -5.94
-2.8383 -5.6909
-4.7527 -5.7434
0.39055 0.46565
-3.9826 -3.371
-3.9533 -3.415
-3.6579 -6.8564
-1.9981 -10.134
-2.4867 -0.24311
-3.3871 -1.1733
-2.7522 -4.4387
-4.7038 -7.5173
-2.9781 -9.796
-3.0289 -9.4362
-0.21225 -7.2144
-5.0064 -2.0144
-4.2584 -4.6964
1.1413 0.24
-3.4054 -4.9747
-1.6557 -2.743
-0.99644 -6.291
-4.4315 -8.2265
-0.91246 -7.5646
-2.7715 -4.2324
-0.79589 -2.9023
0.69243 -3.0484
-4.1846 -6.7576
-1.4387 -2.0048
-6.1262 -6.3119
-1.7151 -2.9163
1.6834 -2.4027
-1.9586 0.56444
-3.6593 -7.9647
-4.3212 -0.0264
0.021858 -5.782
-3.9479 0.073862
-0.51417 -4.4162
-1.8924 -5.7995
-4.8322 -5.0285
1.478 -2.4995
-2.4925 -9.7309
1.5319 -2.3748
-1.9857 -7.5227
0.39717 -1.2737
-3.5115 -6.6819
-6.2738 -3.8141
-1.0152 -10.129
1.0117 -1.2804
-5.9571 -7.861
-5.4013 -6.3287
-2.1389 -3.9378
-4.9727 -5.6554
-4.2826 -3.9697
-1.9039 -5.4273
-1.0803 -10.933
-5.5181 -5.0724
0.12181 -4.7451
-2.1632 -7.4147
-1.6597 -7.7104
-0.91896 -8.4964
-3.1401 -6.4724
-1.7656 -3.9469
-5.8601 -9.7328
-3.9202 -3.0554
-4.5441 0.24098
-2.9712 -6.1517
-3.5881 -4.7162
0.18815 -0.59206
-3.5272 -0.56126
-0.18553 -5.0615
-0.50979 -3.5045
-5.0309 -0.50198
-3.2753 -6.775
-5.7023 -7.6336
-3.7896 -2.8374
-6.7976 -3.6546
-2.339 -4.2669
-0.71041 -6.7334
-8.0856 -4.0737
-6.4787 -4.0604
-1.6949 -3.1899
-0.42055 -5.2767
2.5847 -8.0091
-1.7172 -1.505
-3.7779 -4.5032
1.3379 -6.7204
0.3664 -8.1716
-3.8143 -4.8651
-5.2748 -4.8498
0.40783 -11.465
-6.362 -6.1016
1.1428 -7.681
-3.3699 -1.3945
-5.5872 -0.94352
-2.636 -4.0483
-3.7561 0.86314
0.0681 -7.3882
-4.226 -5.4087
0.0053872 -2.2502
-3.6754 -11.203
-4.6028 -2.7852
-4.063 -3.3478
-3.7738 -3.5427
-4.1094 -3.3583
-6.5944 -1.0887
-5.565 -4.3863
-5.557 -4.1879
-1.9859 -6.7452
-3.9346 -9.0563
-4.185 -0.14669
-6.2448 -4.7056
4.2264 -2.7106
-3.3128 -2.4908
-0.77132 -8.2369
-5.7601 -0.25826
-4.0408 -0.19468
-2.5985 -6.3617
2.4241 -6.2287
-7.5343 -6.2645
-1.5642 -1.347
-3.6365 2.8139
-2.6548 -2.8808
-2.8683 -6.2792
-3.3584 -5.2763
-4.8881 -7.8092
-3.9958 -5.4519
-3.7751 -5.2654
-4.0385 -4.0348
-5.2786 -3.2155
1.1689 -7.1836
-3.0663 -6.9932
-4.1554 -5.9118
-2.9761 -6.725
-2.3366 -0.78477
-2.3839 -6.4542
-0.029111 -5.2264
-1.2204 -7.2141
-3.1899 -4.7142
-2.361 -8.2324
-2.3296 -5.9228
-1.2276 -6.0379
1.7465 -1.0058
-2.5047 -0.56875
-3.0318 -4.6037
-4.7029 -1.8666
-3.137 -4.9337
-7.843 -2.3599
-4.9288 -1.4465
1.2745 -5.9081
-6.7099 -4.9149
-6.2037 -8.8914
-0.42535 -6.4388
-3.646 -8.31
-3.0924 -4.5167
-5.1821 -5.1371
1.9617 -4.9932
-2.1561 -4.7853
1.6832 -6.9077
-8.1668 -4.5279
-0.91496 -3.3178
-3.5469 -4.7432
-2.3189 -8.0173
-4.0662 1.302
-5.1686 -3.877
-6.1706 -5.9219
-0.40464 -3.9402
-6.7637 -3.3299
0.042144 -5.5777
-2.405 -3.5425
-5.3185 -5.2309
-4.1338 -2.176
-6.9377 -5.778
-1.298 -13.695
-3.1064 -1.169
-2.081 0.5319
-3.256 -4.5436
-4.5462 -3.0328
-3.869 -2.2925
-4.3714 -4.6724
-4.5178 -3.3753
-7.0179 -6.784
-5.7892 -7.3691
-4.835 -7.5825
-3.5522 -2.2386
-5.4392 -3.5108
-2.5561 -9.5375
0.14708 -8.5845
-3.8043 -4.6283
0.15938 -3.3475
-1.8123 -2.542
-3.4728 -5.9605
-7.4196 -5.8982
-3.1121 -6.6016
-2.0241 -3.5928
-3.9671 -4.5692
-3.3928 -12.577
-2.5753 -12.077
-2.0667 -0.94267
-1.3 -5.856
-6.0887 -1.0776
-2.5187 -4.431
-4.4971 -7.8365
-4.3884 4.9768
-2.1649 -7.6389
-7.8992 -3.1203
-0.95681 -1.9412
-3.2291 -6.1042
1.6178 -5.5858
-2.3528 -6.4184
-0.86578 -5.3796
-2.7329 -1.9035
-3.5691 0.6213
-5.2126 -5.0709
-1.4466 -3.6574
-2.5209 -1.8721
-0.94728 -4.7602
-3.4306 -5.9999
-5.4091 -2.2862
-1.0675 -2.6989
-7.8332 -0.80993
-4.6552 -6.4236
0.43962 -7.3552
-1.2614 -5.939
-1.3439 -11.55
-7.7986 -7.6596
-5.2698 -3.1418
-3.792 -1.3338
-1.3927 -8.0821
-0.88075 -11.877
-0.65145 -5.3184
-1.4757 -5.3135
0.41119 -4.5177
-3.5352 -3.4104
-0.25166 -5.8686
-3.5584 -2.2343
-0.34177 -5.5937
-2.186 -5.6874
-2.155 -4.548
-6.943 -5.7793
-3.9197 -5.5305
-1.1127 -1.7282
-2.5159 -2.8631
-5.7633 -11.79
-3.718 -13.856
-4.1962 -5.0339
-6.4315 -4.6169
-0.66465 -3.244
4.447 -5.3436
0.8919 -7.7472
-1.2619 -2.6147
-0.19961 -3.6956
-6.9161 -2.9491
-1.9289 -8.6906
-5.4462 -4.8916
0.59798 -3.0847
-1.1259 -5.2872
-3.3041 -6.0762
0.13985 -4.1479
-4.4012 -6.3247
-1.989 -8.2269
-2.1356 -4.2862
0.96301 -4.6511
-3.9102 -3.5157
-4.2006 -9.8226
-1.8693 -5.3018
-3.755 -1.1757
-4.7319 2.987
-0.92277 -7.3978
-7.4895 -1.6181
-4.2215 -8.9526
-3.7134 -8.9805
-2.0129 -7.2979
-3.2281 -8.3105
1.8633 -3.9073
-2.142 -6.4437
-5.2748 -9.9399
-2.4295 -1.7796
-6.8582 -6.7814
-3.6085 -10.349
-1.8508 -0.73244
-3.7883 -5.8057
-3.97 -2.3126
0.28969 -3.2674
-2.9399 -5.0568
-3.7113 -2.6867
-7.1717 -5.8334
-6.9713 -5.7055
-4.3995 -2.8356
-1.4836 -7.0893
-5.5632 -6.6087
-0.032578 -2.6426
-0.80374 -3.8761
-1.2391 -9.3423
-4.321 -9.8025
-1.5269 -6.6462
-4.9103 -4.139
-3.8765 -6.7526
-1.631 -4.682
0.25426 -7.4185
-2.3992 -4.1451
-2.6159 -3.6982
-2.5536 -7.5368
-4.9189 -6.3537
2.6265 -2.6027
1.0924 -0.86793
3.8545 -6.3057
-1.9724 -1.7473
-4.1431 -4.4583
-3.4478 -4.6134
-1.8153 0.87527
-0.86631 -7.8063
-5.0367 -6.7939
-3.3364 -5.3465
-5.0165 -4.8123
-0.69758 -12.749
-3.785 -7.2401
1.437 -4.3687
-4.0336 -4.213
-1.3 -13.927
-9.1856 -5.6979
-5.5052 0.59515
-4.2228 -8.3557
-3.7858 -7.2169
-2.9072 -5.2637
-5.2841 -6.5439
-2.8175 -8.6165
-0.62389 -4.9778
-0.66405 -6.8948
-2.5762 -2.4119
0.15497 -11.324
-8.8471 -2.2496
-4.6706 -8.7013
-0.29942 -2.2378
-4.0421 -4.5752
-0.98891 -6.4445
-1.7991 -4.9182
-2.3629 -0.23106
-4.8825 -2.6594
-2.268 -3.3219
-4.1103 -3.6124
