19.81 -5.6706
16.813 -4.5327
21.792 -7.6048
16.942 -4.8406
18.128 -4.9391
17.566 -4.3206
27.094 -9.6683
21.504 -5.8816
24.785 -8.1664
14.228 -6.1098
19.953 -6.3048
28.653 -8.6896
24.444 -8.7566
21.942 -6.1356
17.166 -5.9178
23.874 -5.6729
19.811 -4.2724
16.287 -4.0701
17.925 -5.2604
16.182 -6.0936
21.376 -5.7827
18.042 -5.0752
21.907 -6.0329
19.302 -7.1002
16.642 -2.0779
23.151 -6.9611
18.793 -6.6039
19.581 -4.3736
17.756 -4.9287
17.851 -5.1468
24.196 -6.6528
13.191 -4.9988
15.991 -4.971
21.243 -7.7292
16.493 -4.5919
21.266 -5.9976
19.462 -4.9071
21.677 -9.078
19.024 -4.1427
18.779 -5.7773
19.026 -5.4599
17.914 -5.7301
21.533 -7.4188
21.027 -7.9538
22.716 -6.3429
15.538 -4.4984
22.598 -7.2669
24.257 -7.5545
15.752 -4.3719
19.504 -3.7862
17.765 -5.8486
22.644 -8.1919
19.93 -6.2634
24.94 -8.0816
26.206 -9.4986
22.674 -6.4066
21.286 -5.8037
23.424 -7.975
18.075 -4.5027
22.495 -7.2492
19.598 -6.0147
18.529 -5.1662
19.742 -5.8904
20.088 -6.6191
12.822 -2.8101
17.594 -5.6748
19.313 -5.5188
16.37 -4.0531
19.332 -5.4939
17.899 -6.4479
20.965 -5.3987
22.331 -7.6089
17.442 -5.7242
17.82 -5.4537
16.767 -3.1534
20.573 -3.7884
15.551 -5.3359
20.155 -7.0349
16.843 -6.0825
17.963 -4.9839
18.012 -5.899
17.388 -4.7421
23.562 -7.9343
20.201 -5.8153
17.586 -3.9613
22.838 -7.0312
19.219 -6.7978
20.668 -3.7954
21.263 -6.183
22.225 -6.3985
20.389 -3.9515
15.579 -4.4757
13.054 -4.5041
23.594 -4.3581
16.298 -5.7048
17.53 -4.2268
21.265 -7.7134
19.994 -4.6167
11.457 -4.4678
15.95 -4.6449
18.341 -6.0337
20.013 -4.4222
28.2 -10.016
22.289 -8.4946
21.474 -6.2805
21.473 -6.565
21.427 -7.0116
26.814 -7.9882
18.33 -6.5482
17.107 -5.31
15.922 -5.2628
25.811 -6.3137
13.959 -2.5962
18.159 -4.1502
21.849 -5.0398
19.763 -5.0597
21.593 -7.3626
20.636 -8.0854
17.79 -7.0257
23.333 -10.617
20.022 -7.825
22.658 -6.3896
22.854 -7.4728
19.397 -5.1733
28.065 -8.1423
19.223 -5.1209
22.567 -5.9339
22.125 -5.3699
22.328 -6.7964
18.13 -6.6002
16.546 -5.2142
23.398 -7.5042
23.018 -8.7672
20.845 -8.3444
22.724 -7.0353
20.27 -6.8622
17.282 -6.373
21.788 -5.6339
15.364 -3.595
19.504 -5.2432
22.762 -7.4666
16.98 -4.9326
22.303 -7.0168
19.46 -5.2473
15.425 -2.9951
17.865 -5.3252
21.18 -6.8388
22.739 -6.4829
20.098 -5.8415
17.337 -4.9709
17.312 -3.2074
19.038 -3.9099
23.24 -8.0109
23.157 -8.2744
20.967 -7.7513
24.322 -9.3942
23.62 -9.8832
23.39 -8.1029
20.069 -4.6982
20.951 -5.7833
22.464 -6.7391
14.863 -4.6459
19.734 -6.4245
19.693 -5.7107
18.142 -4.903
19.902 -7.291
14.09 -3.1226
19.074 -5.2545
22.316 -8.2206
23.985 -7.2632
19.264 -4.5415
11.388 -3.8669
13.296 -3.5924
16.462 -4.7234
23.435 -7.3921
20.598 -5.2919
22.134 -4.482
23.701 -6.9267
19.791 -7.2546
25.936 -7.2817
20.46 -6.605
18.501 -5.9698
22.584 -7.7041
19.003 -3.3438
19.987 -7.5171
19.24 -6.7741
25.318 -9.3434
19.679 -5.8861
19.307 -7.1246
13.994 -3.6749
17.649 -5.769
21.26 -6.499
18.819 -6.8057
17.565 -5.2152
21.453 -7.0229
21.069 -5.5214
24.859 -5.6203
13.696 -3.2906
22.262 -5.3363
20.59 -5.1525
19.392 -5.8871
15.693 -3.0622
15.64 -3.4293
20.546 -6.9786
26.75 -8.7436
19.738 -6.6123
20.723 -6.2862
20.852 -6.549
20.891 -5.305
17.517 -4.3375
20.637 -6.637
18.973 -5.919
26.394 -8.3116
19.665 -7.4339
24.42 -7.3809
20.544 -4.6317
12.753 -4.232
14.085 -1.5434
21.437 -6.8403
22.6 -4.8529
18.219 -5.4984
17.906 -3.7357
23.271 -6.5574
17.24 -5.5542
21.275 -7.5099
19.004 -3.167
17.706 -5.3831
21.678 -5.8875
18.187 -3.6659
22.031 -4.8476
17.362 -4.2058
21.117 -4.9379
21.642 -5.6046
15.944 -5.2084
14.638 -2.6965
19.006 -4.1674
19.48 -5.5334
20.142 -6.3204
16.836 -6.6206
23.324 -6.4279
16.205 -5.2272
23.212 -6.8013
27.343 -8.0678
17.998 -4.6024
21.607 -6.1754
15.336 -4.6231
21.001 -4.288
13.286 -5.9
25.781 -7.3736
22.185 -4.8111
20.654 -4.6436
21.104 -5.4524
23.358 -8.4586
17.815 -2.5293
16.483 -5.9565
22.132 -6.6396
15.348 -3.3387
14.889 -4.2785
19.671 -5.5175
19.976 -5.0832
14.759 -3.94
16.233 -7.7282
22.021 -6.6224
22.229 -6.7099
25.32 -7.7981
18.971 -3.992
19.275 -4.8969
18.088 -4.6516
12.151 -2.2259
22.775 -6.5508
17.687 -3.521
20.109 -6.0919
21.738 -8.1014
21.242 -5.6551
20.889 -7.3489
21.634 -5.7208
18.982 -4.4809
20.739 -7.1233
23.972 -6.4751
18.399 -4.8225
19.123 -5.6968
24.077 -7.6169
18.95 -5.981
22.231 -6.8827
18.309 -4.8946
13.945 -4.7642
13.952 -3.5239
17.816 -3.8606
16.053 -4.5844
22.582 -9.2859
22.222 -7.235
17.041 -5.8064
20.192 -7.4084
21.13 -5.309
18.468 -5.203
22.169 -6.2866
19.348 -6.8942
21.88 -4.6035
11.82 -2.8299
16.903 -4.6232
12.457 -3.0939
23.905 -7.4239
20.159 -5.9314
16.537 -6.2094
23.912 -7.908
21.592 -7.1885
19.872 -5.8722
21.169 -6.7194
18.047 -4.1657
17.216 -4.889
21.848 -4.52
22.02 -8.8101
20.565 -5.0076
12.419 -4.0609
18.998 -6.3496
14.293 -4.8388
18.688 -5.831
19.433 -6.2844
21.831 -7.1786
13.571 -4.4646
19.712 -5.0338
17.537 -4.4672
23.282 -3.8486
18.086 -4.5396
20.719 -5.1857
21.878 -7.0642
19.237 -5.7211
22.972 -10.483
20.885 -7.0771
20.651 -4.7009
17.172 -5.5633
21.075 -7.4125
21.628 -5.9302
18.913 -5.8812
22.443 -7.159
20.38 -6.1382
17.39 -4.0595
23.432 -8.0407
18.827 -5.0957
19.139 -7.5074
22.527 -7.7075
24.534 -6.3473
21.169 -6.1827
20.549 -5.7547
23.249 -8.3708
18.522 -7.2932
20.345 -5.5861
12.329 -4.7915
19.516 -7.0197
16.435 -5.564
14.559 -2.0828
16.622 -5.0076
23.136 -5.1558
24.635 -6.2464
19.673 -5.7763
23.297 -6.9202
18.398 -3.8088
14.26 -2.8601
18.141 -4.948
16.026 -3.6188
21.129 -7.5653
19.115 -6.1081
20.284 -6.5676
25.135 -6.2442
18.581 -4.5159
17.664 -6.1456
21.768 -7.005
20.406 -5.9729
18.277 -4.563
18.666 -4.1028
22.972 -6.429
19.791 -6.3787
19.802 -5.0907
21.855 -8.2406
17.527 -5.7497
18.193 -4.9635
19.812 -5.804
20.909 -5.2358
22.564 -9.5265
23.323 -7.716
19.781 -5.7645
20.577 -4.3808
15.732 -3.4088
20.151 -7.1284
19.056 -5.909
22.088 -8.3217
23.47 -8.6379
22.856 -5.4552
25.086 -9.3601
20.8 -5.3888
24.681 -7.9967
25.994 -9.8415
20.18 -7.261
21.022 -7.3219
24.166 -8.5222
17.152 -6.9789
23.302 -7.9177
15.654 -4.3037
20.961 -6.5805
12.272 -3.9533
19.205 -5.0375
23.607 -7.5731
21.256 -8.1021
19.109 -4.2189
16.005 -3.8065
19.042 -4.8107
20.287 -9.1046
26.794 -7.8045
25.27 -9.5018
19.211 -6.4229
21.164 -4.5876
25.67 -8.3188
16.049 -4.1621
22.04 -8.4987
22.122 -6.0203
16.571 -6.1558
15.555 -5.8232
17.558 -6.0184
15.775 -4.4754
13.782 -5.0107
11.843 -2.408
23.157 -7.2841
15.73 -2.767
21.993 -5.2595
21.547 -6.5613
23.669 -7.8069
19.694 -3.6835
21.664 -5.8985
22.189 -7.4385
20.242 -6.368
16.529 -7.0313
24.415 -9.1101
20.074 -6.2944
24.466 -9.5672
13.052 -5.691
15.257 -5.6022
15.019 -2.0422
14.557 -4.0441
18.805 -4.6256
19.15 -4.5736
21.649 -5.7628
19.732 -6.2228
20.844 -6.9598
24.11 -7.6618
17.672 -4.2592
24.009 -9.711
15.593 -3.8645
26.006 -8.8412
16.571 -3.2678
18.032 -5.4673
19.01 -7.9137
18.465 -5.8884
19.621 -4.3721
23.364 -6.7153
19.217 -6.4183
17.732 -5.4336
18.751 -5.6399
14.917 -3.5513
17.804 -4.6544
21.844 -6.7119
22.825 -6.3775
21.534 -2.7862
15.078 -3.6666
27.138 -10.718
23.677 -7.1283
21.012 -6.1388
16.976 -5.2688
17.713 -4.3643
14.616 -3.6095
14.971 -4.2527
13.381 -3.7767
25.169 -7.4142
14.623 -4.242
20.414 -3.8425
21.115 -7.2933
19.933 -8.2867
23.025 -4.5672
19.67 -3.4358
17.134 -5.0029
14.16 -2.6235
20.417 -6.9433
20.69 -7.3665
18.711 -4.4495
16.684 -6.4988
17.625 -6.7683
21.692 -5.8094
22.792 -7.1178
27.263 -8.9036
22.65 -6.8313
20.949 -5.3041
22.615 -8.2137
19.438 -5.7877
23.006 -7.2201
20.707 -6.7357
22.821 -5.5634
13.627 -2.445
20.063 -5.4041
17.551 -4.1834
17.176 -5.3554
17.282 -3.485
