9.1229 11.281
7.3405 9.854
8.915 9.4022
11.742 11.573
9.7387 12.156
8.637 13.774
7.1975 7.0553
11.163 11.759
10.249 11.577
9.4043 8.5098
7.8843 8.3228
8.5181 8.1997
10.202 11.881
6.6555 8.9253
8.1092 7.1757
8.5436 10.85
8.1705 9.1319
12.258 12.717
10.944 11.674
8.7864 9.7124
6.9128 8.856
9.2435 13.652
10.848 12.295
10.191 13.168
9.5056 8.9733
10.838 11.515
9.8271 10.549
10.127 11.085
9.8449 11.79
9.1711 9.9931
6.2802 8.023
9.0161 11.23
10.251 9.3321
9.2392 6.7856
8.0069 10.165
10.257 12.137
8.627 10.053
8.8976 9.6188
9.4241 10.328
8.338 8.8472
9.5237 7.4512
8.1886 8.7882
9.1612 9.8737
6.1321 7.4532
8.1339 11.606
7.3121 9.9702
8.0933 7.7323
9.3203 10.178
5.9694 7.2665
7.0742 7.3597
11.123 13.306
7.5693 9.9957
9.6771 10.957
5.5773 7.0698
9.3428 11.485
9.3822 10.427
7.5639 7.3152
9.8089 12.815
6.1917 9.8071
10.224 11.612
11.371 10.35
10.584 10.352
9.2538 11.24
9.8268 12.791
8.1482 7.174
8.5834 8.2673
7.8362 10.719
10.152 12.719
9.3698 9.4453
9.4759 10.781
10.539 10.355
5.5987 9.5668
9.4946 10.135
9.179 6.9516
10.164 9.4652
10.019 11.758
10.312 10.966
7.3215 7.1855
10.67 10.498
7.7079 9.5271
8.6392 7.9005
7.3601 8.5335
10.635 10.041
8.8342 10.72
3.8947 6.1077
5.9687 8.2411
9.2122 10.316
10.941 12.899
11.548 10.733
8.2185 8.1508
8.6095 6.4275
10.109 12.413
8.1513 9.2443
8.6605 12.785
8.7669 11.066
8.0936 9.9847
8.2008 7.4792
7.5713 6.9618
4.8486 7.3322
6.8442 9.613
7.4567 8.542
8.9733 8.7812
8.5394 7.0838
8.3536 7.872
8.549 11.562
8.9073 11.402
8.2283 10.316
11.832 14.722
9.4866 12.366
10.14 9.3847
7.765 10.666
7.0527 5.1062
8.0954 8.6221
10.809 10.107
7.823 8.8473
8.5172 9.9188
6.9556 10.122
8.3034 10.551
6.9183 10.473
10.349 12.421
7.5267 9.4601
9.3905 8.7241
8.2218 9.1212
6.4013 7.7993
6.777 10.788
8.4938 9.4907
11.15 13.287
9.2632 11.712
11.716 12.408
8.705 8.9947
11.319 14.401
8.3884 10.42
9.3987 9.3788
10.224 11.949
10.731 11.394
11.739 10.218
10.889 13.043
11.172 11.071
7.6583 7.8754
7.6926 9.2156
7.1677 8.76
7.478 6.5901
7.6054 7.2201
8.2647 8.2453
8.7617 7.5413
8.873 10.686
8.4659 9.9001
9.8923 9.2848
9.4094 10.465
10.169 10.601
9.7106 11.137
7.0069 10.034
10.235 10.048
10.09 11.061
8.3177 13.799
9.9472 10.258
8.7914 9.0838
11.169 10.523
8.5446 7.8201
10.322 16.992
8.1545 9.3921
10.377 9.4213
9.6392 8.455
7.4204 9.5922
10.092 9.7658
10.699 10.05
6.0723 8.8504
6.3427 7.3214
8.4668 9.625
10.51 10.298
10.784 9.8925
8.8298 9.0395
11.863 12.377
8.7946 10.499
9.32 10.306
10.457 12.766
7.6807 9.555
7.2839 4.8648
8.4319 10.179
8.1679 9.8625
11.627 12.33
7.7317 9.5202
8.5541 9.113
9.0799 10.738
9.9885 12.066
8.2351 10.091
7.2377 9.2746
8.2278 11.163
8.6947 7.5495
7.8419 10.622
4.3873 6.6832
7.9949 9.986
9.6156 12.219
7.1216 5.6335
3.7655 6.9695
8.7182 7.2937
13.071 14.081
4.9665 6.5103
8.439 10.146
7.6351 9.0532
10.727 13.015
7.6019 8.2391
13.376 12.208
9.2869 11.988
9.523 9.9304
10.745 12.202
7.1551 7.8886
10.108 9.5173
9.0027 8.3025
10.013 9.2823
10.284 12.01
9.2638 9.0196
7.7828 10.333
9.4721 10.718
10.507 11.774
5.482 6.8112
7.0284 9.4435
6.6453 7.3666
9.3698 7.5121
9.4875 9.6287
10.86 8.352
9.0394 9.4651
7.9724 7.8639
9.1428 11.583
10.933 11.177
9.2036 10.531
9.2691 12.421
6.3625 6.7645
9.889 9.8442
10.179 9.9603
8.7994 9.5363
5.5916 8.4558
10.083 10.979
9.3241 10.668
9.7248 9.1485
12.135 14.583
9.3982 9.8958
8.8616 9.6719
10.616 10.226
8.6602 8.5339
11.749 11.907
7.6416 8.414
8.8427 9.3323
8.9585 9.776
9.436 10.215
11.539 13.188
10.668 11.204
11.743 12.884
12.463 13.077
8.9822 9.7504
5.7113 7.1934
9.3094 11.813
6.4121 8.2225
7.0847 10.614
9.886 9.6243
9.1266 10.277
8.0606 8.824
6.9615 8.8004
10.176 12.973
7.688 10.843
8.1135 9.3515
6.9447 8.0817
7.7228 10.255
10.346 11.046
8.1607 9.2047
9.498 9.1158
10.859 11.723
11.976 11.048
7.9311 9.0993
6.2932 8.555
12.058 12.212
4.932 9.332
9.4026 8.7752
10.949 10.595
10.542 9.8352
6.2831 5.7863
7.9206 10.179
10.398 10.095
10.233 12.645
7.6437 8.502
6.983 9.921
7.3615 8.2167
9.3781 9.3341
9.8221 10.898
8.9233 9.5614
7.2473 9.4733
10.635 11.274
10.325 12.039
9.2215 9.3269
8.4913 11.706
5.5985 7.5288
10.947 9.6524
8.7231 8.7947
8.7327 11.743
8.1435 8.2146
10.648 11.928
11.42 15.353
8.1396 12.159
8.6428 8.1103
7.5968 9.4487
13.918 15.742
9.8718 8.9657
10.328 6.8045
10.086 10.44
9.4655 10.939
10.37 9.9612
9.2481 11.053
6.0793 7.5531
7.6934 8.7527
9.5874 10.673
9.11 9.6571
7.1532 7.3081
9.5219 11.553
8.5987 10.367
9.4142 11.448
7.6236 5.1088
9.447 8.1569
7.1865 9.815
7.6443 10.561
7.5332 8.8209
7.6245 8.0774
10.207 10.009
9.0256 10.691
10.513 10.053
5.5992 7.9658
10.352 13.453
9.4008 10.349
8.688 8.4307
8.8757 10.508
8.047 7.9156
5.8878 6.971
8.4277 9.1729
10.577 12.294
11.337 11.799
12.345 12.921
11.105 10.714
10.86 8.3556
8.4091 8.9913
10.081 9.1321
10.041 12.901
9.9476 13.243
7.9829 9.5773
9.5506 12.62
11.087 12.049
13.303 16.598
10.803 11.971
10.005 9.9288
9.6246 12.306
10.895 11.718
6.8498 8.5687
6.9958 9.8271
8.8256 6.999
8.3216 7.5175
7.9729 10.221
6.8531 8.6722
8.688 8.713
11.2 12.279
9.9294 11.781
9.4549 11.069
10.377 9.1223
4.7907 6.2819
10.597 12.265
10.208 13.596
7.4051 7.9144
11.133 12.092
8.6099 10.07
5.694 7.6576
6.0204 7.5524
7.5893 8.8615
9.0558 10.185
8.6411 7.196
5.7603 4.2659
5.8874 8.8624
9.489 8.747
9.0364 11.072
9.1681 10.019
9.571 8.9626
7.0122 8.8997
12.718 10.883
9.2334 10.795
8.189 11.186
7.6094 10.912
5.8756 8.565
6.7634 6.4654
7.9832 12.098
7.3549 7.9498
10.242 9.7315
9.61 13.304
8.9305 10.019
10.494 11.744
7.1889 10.107
11.083 11.434
10.973 10.777
7.9709 8.5021
9.9528 14.145
9.3561 10.387
10.926 10.137
8.9735 9.7032
10.664 13.777
10.718 11.991
8.8395 11.654
7.2236 6.2534
8.6146 9.9472
9.4497 10.196
12.043 11.414
11.566 11.103
8.1334 8.8402
11.454 10.837
10.839 9.0355
10.371 8.2269
8.4521 9.2519
6.7258 5.3344
8.9225 10.767
10.461 12.574
7.9889 9.2641
7.809 5.25
6.737 7.4148
9.4521 11.62
8.3671 9.5593
8.944 12.167
8.5142 9.4071
9.5614 10.37
7.8268 7.5372
9.2255 8.9183
10.573 8.5345
11.149 8.9631
7.6774 9.7128
8.2634 10.053
8.6972 9.0899
8.1428 9.3942
9.1179 9.1505
6.8592 7.7047
8.7141 7.5254
6.523 7.8844
8.6991 10.838
9.9021 13.367
10.753 11.928
8.2883 12.903
9.8347 12.006
10.198 11.228
9.4628 11.344
9.0883 7.6747
7.0218 5.739
11.224 12.442
8.3354 11.942
12.376 12.224
7.7089 8.4525
10.462 10.836
7.6912 8.691
9.9703 10.221
10.947 11.498
10.916 13.148
9.8306 8.7481
6.1418 5.4901
6.6596 7.8025
8.4542 9.6936
10.671 9.6998
9.6491 8.7966
10.142 9.7147
9.4421 5.2039
8.0158 10.678
8.5349 9.4835
7.083 9.3142
8.737 11.411
6.5347 10.914
10.129 10.777
9.7877 9.8616
7.7338 11.212
7.0102 8.2691
10.096 12.261
6.0165 9.1902
9.6361 12.701
11.011 13.439
6.4109 6.9969
10.608 11.568
9.3261 9.5585
9.0011 7.0785
8.9093 8.7622
8.3956 10.589
8.5649 11.367
5.4151 7.5224
10.668 11.615
8.7528 9.3364
8.8287 10.259
7.261 10.524
10.27 10.806
12.013 12.456
8.5034 7.6788
8.9084 10.981
9.002 8.22
7.0932 7.6451
8.0465 8.2192
9.072 9.8477
6.593 7.0613
8.7465 9.9181
9.9775 12.493
11.128 13.803
10.374 14.69
4.243 6.6882
10.603 8.4318
