First 500 examples - class1; next 500 examples - class 2 and the last 700 examples - class3.
-0.402701 0.239545 
-0.431687 0.270068 
0.077580 0.491364 
0.355258 0.510636 
0.471592 0.243819 
-0.250563 0.378070 
0.044276 0.509903 
0.209232 0.434960 
0.639793 0.291002 
0.123290 0.514462 
-0.613018 0.188352 
0.584594 0.324294 
0.138799 0.553316 
-0.336431 0.397347 
-0.423859 0.378065 
0.718360 -0.011913 
0.407598 0.437016 
0.389857 0.393356 
0.693497 0.102942 
0.143280 0.588912 
0.473774 0.302613 
-0.151779 0.525687 
-0.515638 0.257288 
0.588722 0.184986 
-0.525210 0.111226 
0.058646 0.558093 
-0.595284 0.062508 
0.322545 0.416288 
0.584077 0.342656 
0.279993 0.470825 
0.614395 0.273528 
0.316614 0.454361 
0.111521 0.469039 
0.667633 0.032773 
-0.566870 -0.024329 
-0.607051 0.095059 
-0.218929 0.375102 
0.696348 0.132149 
0.175777 0.498598 
0.075477 0.465542 
0.152375 0.455883 
0.235055 0.482336 
0.421113 0.292020 
-0.558584 -0.060864 
0.367799 0.368831 
-0.195949 0.461016 
-0.186298 0.450607 
-0.290022 0.383242 
0.578234 0.268787 
-0.546051 0.188070 
0.710190 -0.006155 
0.496699 0.292405 
0.093846 0.531798 
-0.327004 0.426887 
-0.280208 0.381244 
0.635507 0.070415 
-0.669184 -0.051610 
-0.177887 0.385027 
0.512647 0.296396 
0.695208 0.015137 
-0.602727 -0.103349 
0.434867 0.447883 
0.749273 0.049332 
-0.074448 0.431161 
-0.629186 0.102150 
0.180562 0.433911 
0.785059 -0.009774 
0.349110 0.396528 
0.671036 -0.106304 
-0.254804 0.449684 
-0.273261 0.488236 
-0.015871 0.547884 
0.642686 -0.131680 
0.689091 0.113380 
-0.270454 0.410722 
-0.335460 0.306112 
0.447874 0.411659 
0.678740 -0.057665 
0.747793 0.108633 
0.415975 0.430564 
0.595581 0.157154 
-0.261340 0.359904 
-0.306732 0.357160 
0.311601 0.483696 
-0.124257 0.525209 
-0.489831 0.359626 
-0.577974 -0.138436 
0.292053 0.470823 
0.600075 0.273770 
0.135795 0.467786 
0.530250 0.239726 
-0.566126 -0.091041 
0.313892 0.394378 
0.573684 0.242401 
0.462619 0.383460 
-0.433165 0.196305 
0.414911 0.305292 
0.086695 0.522499 
0.696723 0.087055 
0.701565 -0.107177 
0.687609 0.126904 
-0.452477 0.391076 
-0.168733 0.463193 
-0.392120 0.264155 
-0.597356 -0.135316 
0.637660 0.168944 
0.420428 0.364661 
0.727732 -0.087670 
0.177535 0.520361 
0.256826 0.517690 
-0.503239 0.149748 
-0.295536 0.446326 
-0.486387 0.279359 
-0.619775 -0.086603 
-0.593043 0.120203 
-0.290114 0.442982 
0.617351 0.034987 
-0.662421 -0.095358 
0.659707 -0.094914 
-0.312208 0.358997 
0.668456 0.066844 
0.442089 0.374927 
0.254680 0.411680 
0.730256 0.010495 
0.700360 -0.137438 
-0.556037 -0.109876 
-0.051882 0.465429 
-0.451896 0.231444 
0.194155 0.492538 
-0.521828 0.202353 
-0.485102 0.325949 
0.559797 0.309186 
-0.088070 0.464924 
-0.443281 0.249744 
0.449205 0.375689 
-0.509459 0.038192 
0.020693 0.466059 
0.248532 0.468385 
0.695826 0.085011 
0.679150 0.199684 
-0.682667 -0.125078 
-0.456137 0.259653 
0.678430 -0.120742 
-0.481244 0.371667 
0.572823 0.184238 
-0.493959 0.199941 
-0.232612 0.389853 
-0.633041 0.076100 
-0.345595 0.444747 
-0.293438 0.494383 
0.053832 0.467021 
0.453479 0.449141 
0.428312 0.403637 
0.458573 0.288086 
0.113797 0.439910 
0.651598 -0.042570 
-0.088644 0.524157 
0.617984 0.129228 
-0.125238 0.563584 
0.106267 0.586859 
0.785572 -0.105171 
0.581168 0.101429 
-0.581148 0.047401 
0.705520 -0.042813 
-0.299957 0.454160 
0.323094 0.377216 
-0.252777 0.400041 
-0.328529 0.365420 
0.635524 -0.103731 
0.036269 0.429114 
0.627155 0.215931 
0.669679 0.006961 
0.176021 0.456078 
-0.495808 0.249746 
-0.466413 0.344309 
0.649164 0.045457 
0.648924 0.263993 
0.685499 -0.129579 
0.414371 0.499500 
0.118029 0.525025 
0.556876 0.374002 
0.558779 0.171450 
-0.403817 0.302688 
0.610690 0.066035 
-0.359005 0.353450 
0.537410 0.275074 
-0.646176 -0.029900 
-0.121437 0.499818 
-0.338677 0.340180 
-0.481097 0.265792 
0.030481 0.462873 
-0.550193 -0.024185 
-0.645358 0.087805 
-0.363235 0.459285 
-0.279003 0.377637 
-0.210288 0.377362 
0.534546 0.160683 
0.023001 0.487802 
0.684497 -0.069768 
0.032229 0.458961 
-0.334192 0.440099 
0.707715 -0.123024 
0.738009 -0.117671 
-0.187972 0.402833 
0.722589 0.168122 
-0.591953 0.006799 
0.638411 0.274677 
0.624802 0.211130 
-0.259476 0.503522 
0.384065 0.371854 
-0.044916 0.582892 
0.469678 0.471156 
0.246598 0.455924 
-0.222670 0.442196 
0.621129 0.261304 
0.489330 0.322889 
0.366884 0.342102 
0.453002 0.384107 
-0.680965 -0.080841 
0.232837 0.470194 
-0.122733 0.558038 
-0.393199 0.286585 
-0.629038 0.108145 
0.571891 0.273869 
0.022127 0.552435 
0.375240 0.356571 
0.158374 0.570286 
0.567031 0.104500 
0.742577 0.113857 
0.049971 0.598831 
-0.483231 0.145346 
-0.574805 0.045869 
-0.555056 0.239619 
0.146585 0.419114 
-0.385387 0.389166 
0.494317 0.244952 
-0.471058 0.146936 
0.545066 0.228858 
0.593778 0.133103 
-0.167255 0.493451 
0.792323 -0.100788 
-0.681005 0.016538 
0.603884 0.265964 
0.516911 0.271815 
-0.532743 0.302820 
0.303526 0.403921 
0.271625 0.429075 
0.526512 0.387448 
0.732306 -0.001591 
-0.519930 0.206157 
0.024004 0.581920 
0.626803 -0.061318 
-0.557843 0.256827 
0.108511 0.573415 
-0.649706 -0.060540 
-0.129912 0.398825 
0.786505 -0.076076 
-0.446862 0.388457 
0.687796 -0.020225 
0.647613 -0.147872 
0.655876 0.006338 
0.116630 0.527277 
-0.536648 -0.094740 
0.478621 0.438550 
0.655823 0.131391 
-0.369069 0.341456 
0.432916 0.351490 
0.708149 -0.007625 
0.632660 0.200298 
0.247420 0.545671 
0.565957 0.238797 
0.653961 0.041315 
0.682975 0.160955 
0.088221 0.452707 
-0.655488 0.017236 
0.172318 0.458005 
-0.564917 0.237493 
0.439314 0.357290 
-0.105238 0.491275 
0.498578 0.402137 
-0.359234 0.324650 
0.522848 0.305835 
-0.299621 0.457995 
0.071948 0.457220 
-0.207207 0.467485 
-0.620470 -0.083528 
0.682556 0.227037 
0.661592 0.192787 
-0.456647 0.376927 
0.599189 0.133176 
0.166616 0.583754 
0.173178 0.479785 
-0.330925 0.417999 
-0.482365 0.109506 
0.754039 -0.030207 
-0.519301 0.097681 
-0.408535 0.253927 
0.644184 0.174777 
-0.329904 0.414442 
-0.322211 0.376179 
-0.653539 -0.057762 
0.394951 0.362711 
0.771092 0.018889 
0.774801 -0.037294 
-0.252855 0.368599 
0.255580 0.397749 
0.003660 0.442983 
0.439057 0.324713 
-0.593680 0.226764 
-0.542007 -0.101458 
0.008288 0.453417 
-0.425317 0.265869 
0.613793 0.107846 
-0.424233 0.187938 
-0.521205 -0.060977 
0.449930 0.410513 
-0.044692 0.495615 
-0.095838 0.429929 
-0.306188 0.450361 
0.299604 0.387394 
0.028369 0.501772 
-0.519137 0.089289 
0.166525 0.460242 
-0.544829 0.049615 
0.458920 0.374219 
0.653338 0.026575 
0.432659 0.391896 
0.252575 0.392508 
0.503999 0.382040 
-0.385983 0.372202 
0.693690 0.160085 
-0.015663 0.591618 
-0.555901 0.096833 
0.425121 0.473151 
0.604105 0.245166 
0.597257 0.164699 
0.267863 0.538258 
0.204683 0.429217 
0.137677 0.541968 
-0.653056 -0.127011 
0.422236 0.340198 
-0.154880 0.422533 
-0.590940 0.125798 
-0.271312 0.405407 
-0.619075 -0.081532 
0.087846 0.570589 
-0.680710 -0.070859 
0.219711 0.508480 
0.510889 0.223816 
0.595105 0.209570 
-0.460009 0.335341 
0.498648 0.319099 
0.525628 0.418750 
-0.159689 0.559348 
0.035381 0.560789 
0.673985 -0.015135 
-0.535443 -0.131290 
0.643046 0.298020 
0.502591 0.413998 
-0.345351 0.395074 
0.610510 0.322968 
-0.505044 0.330417 
0.710407 0.004438 
0.614514 0.295515 
0.548418 0.360927 
-0.582658 0.089140 
-0.097991 0.450782 
0.650044 0.191204 
0.339040 0.468226 
-0.385652 0.404170 
-0.610251 0.138810 
0.084805 0.555693 
0.290411 0.480716 
-0.533775 0.277828 
-0.170253 0.485112 
-0.271544 0.460910 
0.682516 -0.040844 
-0.243067 0.438067 
0.053115 0.477090 
-0.018500 0.501600 
0.002304 0.584419 
-0.616282 -0.098895 
-0.104575 0.502942 
-0.638531 0.141717 
0.007045 0.521007 
-0.528135 0.307896 
0.626872 0.304517 
-0.417683 0.217605 
0.646095 -0.114542 
0.018601 0.533934 
-0.684823 -0.009301 
0.507309 0.377516 
0.234957 0.485839 
-0.528738 0.087000 
0.016457 0.518913 
0.365142 0.349711 
0.450833 0.377964 
0.667982 0.124827 
0.549634 0.277967 
0.135657 0.460546 
0.698157 0.206303 
-0.468023 0.253998 
-0.611163 0.201827 
0.572982 0.123683 
0.305037 0.447352 
-0.091124 0.571286 
0.657285 -0.095602 
0.559484 0.391255 
-0.268324 0.497161 
0.652262 0.239185 
-0.537504 0.063887 
-0.307105 0.497053 
0.587584 0.347663 
0.289039 0.555284 
0.739904 -0.107661 
-0.409442 0.287165 
0.001256 0.459303 
-0.033386 0.586263 
0.619099 0.237706 
-0.339021 0.333133 
-0.675760 0.032486 
0.333112 0.411008 
-0.566471 0.262967 
0.222094 0.499133 
-0.378659 0.305766 
-0.682135 -0.089398 
0.481228 0.366513 
0.428612 0.414447 
0.378147 0.473266 
-0.485857 0.085791 
0.295280 0.394748 
0.697051 -0.091353 
0.540918 0.178519 
-0.140340 0.467936 
0.036335 0.510897 
0.570638 0.296076 
-0.162372 0.411246 
-0.205058 0.468835 
0.337950 0.359048 
0.701107 -0.051820 
-0.412129 0.303520 
0.059794 0.472921 
-0.086144 0.509437 
0.335556 0.498889 
0.330072 0.475356 
-0.653605 0.076290 
0.764412 -0.003007 
0.518080 0.263812 
0.224169 0.449224 
-0.269033 0.437000 
-0.243353 0.522159 
-0.396068 0.237165 
-0.461737 0.220203 
-0.429949 0.343983 
0.574396 0.254073 
0.710209 0.044349 
0.634308 0.092161 
0.204933 0.527609 
0.111279 0.569869 
0.683675 0.083626 
0.548390 0.353842 
0.626867 0.198811 
-0.664150 0.024219 
0.145482 0.493512 
-0.321525 0.430612 
-0.642810 0.134004 
0.524102 0.217721 
0.637852 -0.097067 
0.751211 -0.136989 
-0.520883 -0.007995 
0.466807 0.413158 
-0.560415 0.099474 
-0.426403 0.196571 
0.607430 0.313752 
0.466276 0.416887 
0.023034 0.511558 
0.689706 0.241441 
0.064185 0.549744 
0.752933 -0.048060 
0.382164 0.474338 
-0.536376 0.253868 
-0.292096 0.452377 
0.336615 0.523397 
-0.468313 0.283033 
0.586634 0.155468 
-0.536135 -0.149532 
0.418155 0.356912 
-0.306687 0.409098 
0.235832 0.570496 
-0.025235 0.455018 
0.656258 0.095537 
0.573800 0.362036 
0.609252 0.109358 
0.591219 0.140148 
0.643866 -0.114158 
0.704381 0.099082 
0.066683 0.587916 
0.683253 -0.128157 
0.685851 0.153043 
-0.408151 0.199893 
1.158298 0.613937 
1.377077 0.058263 
-1.044622 -1.055630 
1.118368 0.455610 
0.700170 1.329269 
1.522522 0.395424 
-1.378594 0.678167 
0.743791 -1.086453 
-0.446414 1.170552 
1.201436 -0.316720 
1.615906 -0.048983 
1.310533 0.015184 
-1.056910 0.707426 
-1.353739 -0.322331 
1.066470 -1.149703 
1.205125 -0.191556 
-0.983052 -1.220983 
0.682635 -1.072802 
-0.775571 1.133638 
1.378794 -0.622779 
1.124880 0.690403 
-0.936049 -0.757273 
1.212461 -0.917471 
0.693536 1.436877 
-1.431213 0.174013 
1.312601 0.264383 
1.222481 -0.647968 
0.656274 1.455484 
0.533069 -1.407356 
0.407830 -1.510851 
0.801234 1.057348 
-1.363510 -0.192058 
0.925341 1.193548 
0.738731 1.284941 
-1.066648 0.930361 
1.257295 -0.060014 
0.077775 1.584052 
-1.089287 0.669074 
-0.554214 -1.530613 
1.115457 -0.668662 
1.553719 -0.246210 
0.620070 -1.444528 
-0.754033 -0.855466 
-0.113432 1.233137 
0.672538 -1.173943 
1.299590 0.463617 
-0.790783 -0.946571 
1.052465 -0.641086 
-1.352471 0.786884 
0.388473 1.307222 
-0.936048 1.106560 
0.256955 -1.380845 
1.289922 -0.659516 
-1.177928 -0.292688 
-1.542730 -0.324518 
-1.092329 0.915824 
1.432467 -0.605514 
-1.397045 -0.646001 
0.302152 -1.588069 
-0.394530 -1.469159 
-0.804411 1.313649 
-0.572295 1.402650 
-1.171221 0.076281 
0.895579 -1.127549 
1.228961 -0.689415 
0.970547 -0.991841 
0.142495 1.429976 
-1.548837 -0.466518 
-0.057147 1.434304 
0.487990 1.493119 
-0.314321 1.411255 
1.141103 -0.491557 
0.110337 1.413362 
-1.057893 0.544633 
-0.678069 -0.971865 
0.963416 -0.859705 
-1.032011 0.814465 
0.811361 -1.395253 
-1.391361 0.756611 
-0.712099 0.917972 
1.265720 0.864851 
0.382438 1.086188 
0.304842 1.215765 
-0.637636 1.094833 
-1.504054 0.500799 
-0.366803 -1.307525 
0.371096 1.306304 
-1.151454 -0.846058 
-1.193743 -0.759871 
-0.063642 1.345466 
0.517769 1.435336 
-0.999337 -0.677758 
1.291465 0.135628 
1.504609 -0.536261 
0.267959 -1.481032 
1.381619 -0.612558 
0.368468 -1.501628 
0.369087 -1.208332 
0.907350 -1.071445 
1.196141 -0.170341 
1.498396 -0.444134 
-1.017706 0.521298 
-0.571183 -1.411860 
0.311704 1.477279 
0.087008 -1.469913 
-0.497480 1.049757 
-1.076787 0.744852 
0.480273 1.059077 
0.218225 1.237836 
1.073962 1.187230 
-0.016841 1.285646 
0.979829 -1.237109 
-1.077346 -1.143602 
-0.899112 0.826428 
-1.364580 0.132359 
1.047283 -0.781349 
-0.925750 0.837313 
-0.709603 0.972076 
1.518203 -0.397663 
-0.710527 -1.460909 
-0.369753 1.177287 
-0.703788 -1.330819 
-1.030544 1.030169 
-0.351508 -1.159812 
1.484819 0.583497 
-0.408226 1.479635 
1.479166 0.616193 
1.020215 -0.582597 
-1.434441 -0.755241 
-1.532843 0.224633 
1.188454 -0.369146 
1.337399 -0.039082 
-0.330754 -1.221415 
0.550809 1.153797 
1.278607 -0.157663 
0.756918 -1.369104 
-0.991812 1.163373 
-1.606885 0.154113 
0.391868 1.178691 
0.575994 1.010530 
0.675280 -1.398913 
1.559105 -0.019702 
-0.005031 -1.214522 
-1.367666 -0.675438 
-1.541365 -0.101103 
0.378483 -1.116005 
0.358782 -1.321355 
1.049857 1.194657 
0.603080 1.199003 
0.655736 -1.021771 
-1.597103 0.091528 
-0.991462 0.593907 
0.197902 -1.428984 
-1.304914 -0.869978 
1.071170 0.455590 
0.863084 1.275273 
0.636709 1.117962 
1.309981 -0.331336 
-1.396586 -0.793747 
0.775901 1.205330 
0.710025 -1.348826 
0.210400 1.251734 
-1.318921 -0.925448 
-1.070904 -1.116699 
0.987112 -0.650073 
0.501844 -1.026707 
0.554197 -1.202658 
-1.215323 -0.591072 
0.558285 1.117374 
0.764998 -1.002681 
1.345809 0.469329 
-0.417777 1.331388 
1.394305 -0.701023 
1.047201 -0.510894 
-1.181132 -0.581884 
1.099020 -1.046983 
-0.393405 -1.228882 
-0.947657 0.842132 
-1.043316 -1.019742 
1.148650 0.359816 
-1.017729 0.781454 
1.100854 0.536349 
-1.098982 0.519479 
0.177312 1.288328 
0.586023 1.408574 
-0.427630 -1.373784 
0.697592 1.326458 
-1.199899 -0.269963 
1.287558 -0.489717 
-1.116238 -0.479539 
0.480528 -1.429214 
0.421040 1.368023 
-0.956373 -1.186619 
0.746088 -1.242035 
-1.377050 0.750492 
-0.993223 0.954900 
0.070919 1.608613 
1.135035 0.338529 
1.238819 -0.252366 
0.831239 1.361357 
0.006959 -1.534907 
-0.616787 -1.431950 
0.982987 -0.823013 
1.029686 1.071480 
-1.425318 0.189955 
-1.548763 -0.109129 
0.832207 1.062098 
0.428479 1.248938 
1.257001 0.519565 
0.869217 -0.956791 
0.608423 -1.174225 
-0.985350 -1.253795 
0.863699 -0.930245 
-0.483304 -1.283058 
1.562790 0.282207 
-1.183998 0.528893 
-1.404578 -0.137265 
1.292222 -0.422950 
-1.266839 0.437883 
-1.569291 -0.143370 
1.202220 -0.164421 
0.832347 -0.854360 
-1.061637 -0.468629 
0.937770 -0.878300 
-0.725879 1.141942 
-1.517028 0.028462 
1.294326 -0.068536 
-0.397322 -1.098838 
-1.406038 -0.376526 
-0.939396 0.962118 
0.322322 1.366357 
1.152629 -0.773279 
0.169956 -1.505070 
0.374461 1.391991 
1.207323 0.339120 
1.268291 -0.181438 
0.295282 -1.186845 
-1.240250 0.488544 
-1.306116 -0.604057 
1.461133 -0.166279 
-0.650437 1.264108 
0.417536 -1.194165 
-0.911208 1.206651 
-0.947274 -1.088895 
-0.576550 1.189308 
-0.826182 0.803416 
-0.639132 -1.492576 
-1.463249 -0.038365 
1.125528 1.135205 
-0.958797 0.704288 
0.621949 1.249334 
-1.330106 -0.876679 
-0.342924 1.319033 
-0.601993 -1.382470 
-1.473593 0.280147 
0.433889 1.477875 
-1.299111 0.108469 
-0.744315 1.217059 
0.027383 -1.277424 
-1.055799 -0.514999 
1.039285 1.108695 
-0.920266 -0.703677 
1.222609 -0.807314 
-1.171824 0.049497 
1.207651 0.401902 
-1.612854 -0.213503 
0.390645 1.115353 
-0.847832 1.137220 
1.296226 -0.570941 
-0.874440 -0.974841 
0.077288 1.602962 
1.415126 0.714831 
0.823601 0.895351 
-0.890655 1.335160 
-1.098253 0.469761 
1.372886 -0.834999 
0.943428 0.941104 
0.961652 -0.960008 
1.131984 0.261601 
-0.388947 1.209855 
-1.113392 0.829173 
-0.194904 1.166742 
-1.518076 0.178926 
1.078620 0.630933 
-1.073525 -0.664351 
1.245926 -0.745184 
1.134480 -0.983487 
0.319024 -1.430300 
-1.067636 0.902160 
-1.202635 -0.915544 
1.263874 0.193443 
-1.429006 -0.230589 
-1.051454 -0.546926 
0.933557 0.935329 
-1.475930 0.551424 
-1.478771 0.371893 
1.604420 -0.223514 
0.225771 -1.193556 
1.007038 0.974831 
-0.424419 1.504675 
0.331675 -1.570094 
0.717784 -0.994991 
0.172409 -1.510201 
-0.793759 -1.317251 
0.582506 1.422104 
0.729058 0.939766 
0.880926 0.869865 
1.170679 1.084196 
0.849973 -1.188831 
-1.458297 -0.528138 
1.134369 -0.155551 
0.105609 1.143057 
0.277674 1.422909 
-0.333415 -1.325129 
-1.431339 -0.408798 
0.169589 -1.394389 
0.639868 -1.188728 
-0.939661 1.204265 
-0.344598 -1.493681 
1.511441 0.219901 
-1.296857 -0.402847 
-0.360581 -1.490162 
1.325122 -0.606028 
0.961551 0.817274 
0.493743 -1.510473 
0.973664 -1.262109 
1.302673 -0.670267 
1.003955 0.780470 
1.103042 1.126507 
-0.953769 0.915721 
-1.463993 -0.014963 
-0.638770 0.967465 
-0.246676 -1.534119 
-1.591911 0.086199 
-1.355070 0.468418 
-0.032554 -1.407398 
0.420085 -1.273049 
-1.076696 -1.023359 
-0.749973 1.073663 
-1.060217 -1.071059 
1.502142 -0.312906 
-0.941922 -1.129634 
-1.152258 1.107374 
-1.540448 -0.306223 
-1.398675 0.089912 
0.616059 -1.024461 
0.982551 1.206277 
1.255034 0.339989 
-1.311265 -0.643837 
1.534405 -0.334199 
-0.485735 -1.336782 
0.036211 -1.473686 
-1.347170 -0.776122 
-1.398626 -0.821127 
-1.338648 -0.529205 
1.328656 0.819508 
-1.405394 0.648910 
-0.372308 1.529714 
-1.248565 0.295107 
-1.213341 0.044160 
1.465699 0.003688 
-0.527771 1.241250 
-1.405162 0.249000 
0.715503 -1.329394 
-1.095908 1.123634 
0.944603 1.116562 
0.330832 -1.350979 
-0.866541 0.971295 
1.173678 -0.699890 
0.132464 -1.596795 
1.406131 0.068557 
0.168394 1.588803 
1.284530 -0.899446 
-1.502829 0.483604 
0.717771 -1.033259 
-0.648564 -1.406179 
1.317826 0.314773 
0.987051 0.570732 
-0.261092 1.477344 
-1.257107 -0.617083 
1.107949 0.386847 
1.355716 -0.577956 
-0.359036 1.346640 
-0.755152 -1.093694 
1.120088 -0.791825 
-0.931245 -0.883880 
-0.242523 1.168054 
-0.601753 -1.278933 
-1.236512 0.935925 
0.697999 1.172916 
-1.509566 -0.481997 
1.046835 -0.664591 
-1.258458 0.557943 
-0.900594 -0.770446 
0.192178 1.527548 
1.525784 -0.094344 
1.336498 -0.825226 
0.912919 0.957633 
-0.936750 -1.301912 
-1.300553 0.397215 
0.370200 1.172672 
-0.056644 1.173841 
0.259800 1.538931 
1.065976 -0.874855 
-0.447814 -1.082518 
-1.414374 0.122212 
-0.954215 0.753731 
1.510449 -0.218780 
1.166912 0.463012 
1.525048 -0.179737 
-1.213833 0.835412 
0.222857 -1.130874 
1.529421 0.104041 
-0.101978 1.176374 
0.145943 1.535520 
-1.004614 0.875624 
0.536088 -1.370227 
-0.455741 -1.339010 
-1.345756 -0.642378 
-1.490772 -0.524194 
-0.212158 1.184460 
-1.280003 0.463666 
-0.822264 -1.347910 
1.007655 0.613776 
-0.842546 1.057046 
0.325529 -1.586957 
1.038895 0.947361 
1.132133 -0.592937 
-0.068449 1.308245 
1.032275 1.221679 
1.455600 -0.517077 
0.060033 1.542006 
1.223376 0.884681 
-0.871084 -1.214637 
-0.095958 -1.430050 
1.319158 0.726305 
-1.029678 0.989806 
0.519624 -1.094797 
-0.455842 1.047872 
-1.409823 0.045079 
-0.818718 0.886424 
1.156260 -0.303739 
1.510575 -0.311718 
1.275581 0.265443 
0.178172 1.595207 
1.242973 0.802139 
-0.409651 1.558005 
-1.179375 -0.003522 
-1.464901 -0.686495 
-1.273895 0.920013 
-1.309834 -0.886069 
-0.882081 0.899130 
-1.244748 0.616757 
-0.567870 -0.992104 
1.343894 0.014262 
1.313381 -0.772007 
-1.261127 -0.972160 
-1.401037 -0.095875 
-1.421121 0.042478 
1.504217 0.075385 
-0.655078 1.487430 
1.217093 0.956682 
1.069899 -0.799418 
-1.525749 -0.547552 
-0.940109 -0.867846 
-1.330921 -0.914143 
1.328303 -0.923258 
-0.754090 1.397765 
-1.190543 -0.273142 
1.330396 -0.887408 
-1.352402 -0.505864 
-1.292253 -0.457521 
0.132797 1.352409 
-1.223078 -0.543847 
-1.166274 -0.502743 
1.152868 0.773616 
0.005251 -1.393148 
1.148263 -1.027661 
-0.852603 1.023068 
0.370886 1.147197 
-0.712459 -1.114385 
1.329992 0.426331 
1.319714 -0.943203 
-1.190074 -0.525556 
0.193501 1.400249 
-0.341941 1.367738 
1.309962 -0.453870 
1.077713 0.719388 
-1.089347 0.707616 
-1.459207 -0.411083 
1.066797 -1.035059 
-0.011184 1.599188 
-1.579795 -0.377011 
-0.873943 1.228930 
-0.471348 1.150769 
-1.143137 -0.462945 
0.220176 1.486016 
-1.274948 0.199044 
-0.568956 1.245553 
-0.718921 1.321167 
2.224947 1.261673 
1.615975 1.661882 
0.592875 2.360452 
-1.086213 -1.816503 
-2.083724 0.572567 
-1.105330 -2.120338 
1.692823 1.865969 
2.160815 1.192021 
-0.928189 -2.063030 
-2.011130 -1.371044 
1.188976 2.196426 
-1.560384 -1.519893 
-2.411219 0.150846 
-1.048080 2.156063 
2.230529 1.090738 
-0.479843 -2.314311 
1.435744 1.960834 
-1.439072 1.735033 
1.944345 1.512199 
-2.040195 0.468046 
0.236171 2.461447 
-2.209798 -0.826004 
0.455700 2.447836 
2.246399 -0.118667 
-1.836415 1.021319 
-0.529318 2.171763 
0.281473 2.378202 
-2.209560 -0.843439 
0.534089 2.225526 
-2.176832 -0.178893 
0.102988 2.547618 
0.564844 2.167583 
-2.254066 0.260612 
2.522204 -0.014881 
-2.200413 -0.595533 
-1.902955 -1.144920 
0.791107 2.109342 
0.457356 -2.398148 
2.500362 0.169395 
-1.993416 -1.378460 
-0.486472 -2.390319 
-0.689447 -2.102004 
0.258534 -2.107432 
1.903196 1.000296 
-1.885654 -1.725230 
-0.173527 -2.449734 
-0.631945 -2.168181 
1.881905 1.424408 
0.844028 -2.226067 
-1.556685 1.432531 
1.574222 1.450032 
-2.024197 -1.058723 
2.017049 -0.884109 
-2.000435 0.586649 
-2.297167 -0.297529 
-1.597008 -1.971076 
1.700626 1.812379 
2.161387 1.045692 
2.244178 1.191879 
-0.574482 -2.299833 
2.044051 1.215786 
-1.903402 -0.959704 
-2.473209 0.229211 
-0.682404 -2.242352 
0.906553 -1.935546 
1.806749 1.497619 
-0.503426 -2.149608 
-2.265464 -0.930211 
0.879122 -2.343500 
-2.284945 0.374022 
-2.289032 0.266687 
0.317048 2.178382 
1.306300 -1.646867 
-0.376389 2.482610 
1.595450 1.673990 
1.448695 1.920534 
2.220774 -0.734134 
1.005275 2.346095 
-0.723762 -2.063351 
-2.298136 -0.596503 
2.031427 1.377231 
0.673212 -2.182119 
-1.973718 1.506059 
-1.241873 -1.822821 
-0.151245 -2.256476 
-0.425593 2.193820 
-1.694406 1.491195 
2.057817 1.418948 
1.917241 -1.099402 
0.326760 2.519445 
1.690410 1.392179 
1.874221 1.453502 
2.225254 -1.015457 
-2.134355 -1.177835 
-1.108416 2.165107 
-2.301966 -0.623403 
1.581064 -1.414690 
-0.551491 -2.150803 
1.472128 -1.638364 
-2.136329 0.698239 
-2.290563 0.358807 
1.707986 -1.734794 
0.975722 2.089346 
-1.194871 2.093018 
0.676233 -2.048296 
1.901434 -1.371343 
-2.110603 -0.288139 
-1.651350 1.650992 
-1.963860 1.268498 
1.774192 1.591393 
1.918331 -0.829172 
-2.228193 0.573216 
-2.345127 -0.010266 
2.196480 0.261835 
2.472551 0.292323 
-0.876101 -2.137833 
0.157077 -2.169966 
1.349466 -2.012668 
0.087398 -2.378397 
0.122553 2.419467 
-1.294237 -2.109183 
-0.688352 -2.397560 
-0.259185 -2.207830 
-1.147457 2.253801 
-1.775084 -1.490477 
1.905401 1.465767 
-1.384442 1.905056 
-1.539874 1.953188 
-1.019629 -1.941946 
-2.367563 -0.794067 
-1.691174 -1.724275 
0.440487 -2.508329 
0.783946 -1.943685 
2.188492 -0.555893 
-1.986258 -1.308032 
2.020107 0.724412 
2.117885 -0.387310 
-0.693966 -2.205888 
1.126663 -2.245008 
0.186279 -2.285137 
2.322467 0.384614 
0.963499 2.132717 
-1.989365 0.783975 
-1.336761 -1.862898 
1.229291 -1.762957 
-2.054068 1.484722 
-0.234039 -2.066936 
-2.091653 -1.059623 
1.937594 1.178032 
2.132894 -0.650975 
-0.952701 1.889272 
-1.824164 1.543994 
2.353212 -0.289535 
0.316612 -2.153033 
-1.391881 -2.024922 
-2.524060 -0.063254 
-0.102670 2.488667 
2.115652 -0.832062 
2.261110 -0.916767 
1.826043 -1.110227 
0.567811 2.204664 
-0.648747 -2.344449 
2.551201 0.055313 
0.584395 2.097746 
1.102460 -1.928669 
-1.777404 -1.336333 
-1.575554 1.597667 
-1.546073 1.982255 
1.573240 1.440497 
-0.935202 -1.873602 
-2.225771 0.444215 
-1.675724 -1.678039 
-1.297200 -1.931519 
-1.956321 -1.392805 
-1.956870 -1.165364 
-2.103677 0.958972 
0.402482 -2.516234 
1.882556 1.328394 
-0.893670 2.064087 
-1.396687 1.701263 
1.888193 -1.435833 
-0.273451 -2.430215 
1.657312 -1.559498 
-0.638242 2.387807 
2.091880 -1.132872 
-1.614438 -1.623462 
0.771865 -2.190450 
1.340680 1.703173 
-1.718010 1.412458 
2.418440 0.303034 
1.254279 -2.029523 
-1.939319 1.350934 
1.943706 -1.264046 
-1.642370 -1.616687 
-2.059562 0.877041 
-2.532337 0.207524 
1.522043 -1.959348 
1.199415 -1.785300 
-1.248255 1.678699 
2.141524 0.424495 
2.489100 -0.347258 
-0.270094 2.348086 
2.120487 -0.988242 
0.313414 -2.309830 
-0.302861 2.534123 
-1.830255 -1.719834 
-0.058903 -2.390163 
2.053637 -0.679628 
-2.513119 -0.399283 
-1.511537 1.676414 
0.569580 -2.277594 
-0.077607 2.196437 
2.183013 0.471212 
-0.708122 2.448605 
-2.177280 1.140353 
0.366707 2.200386 
-1.267268 2.208731 
2.440874 -0.676801 
1.161948 -2.186146 
-0.023928 -2.470617 
-2.327118 -0.761850 
-1.947656 1.412772 
2.126740 0.114629 
-2.321541 -0.935633 
0.271104 2.172719 
-2.245986 0.613482 
-1.946800 -0.963478 
-1.114763 -2.005109 
-1.512851 -1.683898 
0.500991 2.131690 
0.084304 -2.222254 
0.126200 2.218280 
-2.143388 -0.586548 
1.982966 1.595226 
-0.772969 1.944794 
-2.367573 0.627990 
1.766158 1.721076 
-0.470441 2.304437 
1.160333 -1.934745 
-0.856073 -2.153861 
2.131765 -1.037668 
2.107420 1.040975 
-2.154084 -0.595151 
1.975537 1.548631 
-2.175495 -1.257250 
1.855366 -1.720954 
2.100561 -0.862816 
-2.321265 -0.065254 
-1.211081 1.826044 
-2.245375 -1.197797 
1.871500 -1.593514 
-1.598883 1.710106 
-1.462017 1.795550 
-2.237896 -0.721290 
1.054242 1.884998 
2.024770 0.579412 
-2.172517 1.066793 
1.928283 -1.353292 
0.268808 -2.397683 
-2.119163 0.212110 
-2.332874 -0.476704 
0.277897 -2.329991 
-1.856641 1.250693 
0.388997 -2.275716 
1.714497 1.712946 
1.564591 1.866977 
-0.378647 -2.190661 
0.106054 2.413753 
-0.693559 -2.371865 
-1.795914 -1.541580 
1.982448 -1.493036 
-0.347200 2.365849 
-1.086328 2.119716 
-0.214124 2.241583 
2.200739 0.933652 
-1.769142 -1.815711 
-0.932903 2.381379 
-0.683263 2.004391 
-1.186941 -1.801680 
1.876165 -1.735335 
-1.942732 -1.025051 
-2.016649 -0.755914 
-2.003637 1.534013 
-1.622517 -1.914936 
0.298723 2.393668 
1.749640 1.628316 
1.761931 1.521582 
-2.179858 -1.140358 
0.105766 2.160953 
1.012060 -1.938257 
1.819848 1.574854 
-1.582478 -1.996201 
0.770533 2.369430 
0.464476 -2.259612 
-2.288331 -0.295818 
-2.044523 1.039699 
-2.005704 1.226953 
2.212817 0.959505 
-2.246463 -1.127540 
-0.782361 2.423300 
1.192067 1.958495 
-1.406088 1.690484 
-1.842066 1.525803 
0.847051 -2.078394 
2.281743 0.358256 
1.111866 1.962905 
-0.595133 -2.049595 
1.426537 -2.000072 
-0.837389 -2.015967 
-1.373187 -2.107185 
-0.569851 2.064373 
-0.749080 1.972101 
2.051708 0.784695 
-1.441172 1.717090 
1.444334 1.607783 
1.278578 -1.883429 
-2.386865 -0.882784 
0.891996 -2.358890 
-2.214877 -0.439085 
-2.175568 -0.180480 
0.782946 2.192145 
-1.908557 -1.416980 
2.036480 1.347387 
1.156914 -2.103085 
1.003500 1.849380 
-1.426856 1.719328 
2.319582 -0.070146 
1.485621 -1.911680 
0.773159 -2.341137 
-0.576185 -2.479700 
2.401834 0.827234 
0.885263 2.260349 
-1.981821 0.720387 
-1.623184 -1.576744 
0.958765 -1.973771 
2.274939 -0.345078 
1.269182 1.908310 
0.388348 -2.332139 
-0.764239 -2.305513 
2.222025 1.079329 
-0.829244 -1.925382 
1.854145 -1.449829 
2.100981 -0.210927 
2.046076 1.246851 
-0.862732 -2.295935 
-0.203911 -2.313623 
2.048626 0.999515 
-0.387275 2.523334 
-1.615278 -1.960975 
-1.065252 1.970060 
1.598598 1.801264 
-0.393397 -2.331676 
2.039560 -1.126926 
0.979659 1.994430 
-1.803046 -1.252230 
-0.813150 2.324187 
-0.605332 -2.223998 
2.434532 -0.010239 
2.427464 0.103535 
0.627348 2.054699 
0.503324 -2.101511 
-2.220936 0.001780 
1.304579 2.181091 
2.217104 -0.159091 
-2.216457 -0.712640 
-2.391192 -0.725434 
-0.432895 -2.277821 
-2.261633 -1.011708 
2.168698 -0.736834 
-0.652713 2.156498 
2.058672 1.058823 
0.117989 -2.372640 
-1.671834 -1.891810 
2.471977 0.001748 
0.849506 2.397128 
-1.795457 1.540651 
-2.311340 0.142325 
1.973363 -1.587279 
-1.780937 1.460757 
-2.227495 0.871359 
-2.509005 0.172248 
-1.763753 -1.531750 
-0.616410 2.202658 
1.989423 0.796086 
0.248469 2.069308 
-2.041329 -1.356022 
-2.506066 0.210666 
-0.080481 2.080782 
1.841947 1.242343 
-0.033531 -2.194094 
0.206637 -2.321870 
-1.844772 -1.001228 
0.893616 1.974530 
2.314332 -0.229583 
1.786193 1.448442 
-0.654184 2.060447 
1.664501 -1.428820 
0.442405 2.452423 
1.540132 1.545912 
-1.753065 1.222588 
-1.763233 1.159212 
1.760477 -1.139814 
0.316495 2.231518 
-2.476688 -0.169048 
1.928022 1.616645 
2.210106 0.558050 
-1.359584 1.648502 
2.061092 0.474156 
0.013317 2.427080 
-1.251521 2.052379 
-1.483564 -1.883632 
-1.140635 1.750637 
-1.125504 -2.083372 
1.727267 -1.792177 
-2.420176 0.614005 
1.395516 1.568618 
2.160381 0.916224 
1.637641 -1.506283 
2.017767 1.151148 
0.442762 -2.502509 
-1.669712 1.839985 
-0.319517 2.183927 
-2.410771 0.217078 
-1.677799 1.901942 
-2.253146 -1.188582 
0.924747 2.351608 
-0.050479 -2.261754 
-0.886098 1.995763 
0.847587 2.340971 
1.764380 1.246238 
0.348564 -2.107074 
0.168801 2.521986 
0.383722 2.351055 
-1.408710 -1.567961 
-2.287572 -0.762860 
2.074211 -0.244519 
-1.887352 -1.396937 
1.276680 -1.951938 
1.971939 1.106417 
2.312034 0.180325 
-0.852050 -2.315069 
-0.017621 2.163114 
-2.076629 -0.630528 
0.439607 -2.052616 
-1.528718 1.714442 
-2.290105 -0.179259 
-1.517870 1.816838 
-0.632254 -2.151395 
-2.109717 0.416670 
0.437560 2.053533 
2.275775 -0.107596 
1.612127 1.447736 
1.268278 -1.970883 
-1.670739 -1.625875 
0.876576 2.213350 
-1.454688 1.773407 
2.001539 -0.897284 
1.714451 1.554444 
1.389490 -1.608970 
-1.122491 -2.099965 
-0.672611 2.421290 
-2.018742 -0.936871 
-0.582250 -2.017177 
2.023918 -0.757682 
0.065845 -2.418054 
2.409112 0.677579 
0.557985 2.411244 
-1.504116 1.656456 
0.781142 2.214889 
1.045821 1.836203 
-1.979198 1.558726 
2.501777 0.327477 
0.463434 -2.042752 
-1.892343 1.473327 
1.657994 -1.881190 
-1.325304 1.790973 
2.275400 0.645218 
-1.106775 -2.025044 
-2.178782 -0.212727 
1.782610 -1.325797 
-0.681017 2.441939 
-2.135955 0.574431 
1.082172 1.796796 
2.161951 -0.584970 
1.964280 1.299777 
-1.997478 -0.710199 
1.908230 1.681365 
-1.203659 1.895075 
1.162963 -2.207090 
-2.048467 -0.756277 
-0.695783 -2.132044 
1.316712 1.672046 
-1.373681 -1.887796 
1.503849 1.665760 
1.725095 -1.657775 
-1.404164 -2.045563 
1.095292 -2.152485 
-0.412428 -2.510479 
-2.333104 0.770658 
1.372798 -1.931681 
-2.192629 0.712338 
-1.422678 -1.597043 
-0.436997 2.118311 
1.192193 -1.875361 
0.037478 2.416251 
-1.734027 -1.168501 
1.020572 -2.118062 
-1.670839 1.821661 
2.440274 0.734526 
2.028463 0.757716 
-0.796233 -1.990265 
0.122308 -2.088851 
-1.860335 -1.520625 
-0.486503 2.391001 
2.277167 -0.124720 
-1.456281 -1.594820 
-1.757958 -1.666374 
-2.220330 -0.536150 
1.370375 -1.757725 
-2.305212 0.353086 
-0.877368 2.219939 
-2.022581 -0.868872 
-1.366090 -2.158001 
0.668468 2.113435 
2.017888 -0.787990 
-1.473894 -1.691026 
-0.963793 -1.981976 
-2.412928 0.367563 
-0.220241 -2.300876 
2.218886 0.815166 
1.449509 -1.570828 
0.563606 2.076687 
-1.885112 1.134767 
1.578823 1.426894 
1.850187 -1.687791 
-1.186004 -2.232220 
2.167229 1.250046 
-1.472181 1.565185 
1.212750 -1.756500 
-0.260182 2.065733 
2.311828 0.667449 
-0.398547 2.270514 
0.512448 -2.256196 
-2.350094 0.669919 
-0.434677 -2.253159 
2.483891 0.361042 
2.154600 1.229053 
0.101129 2.237700 
-2.240163 0.522584 
1.707435 1.526907 
0.157519 2.546308 
-2.405902 -0.639940 
1.727507 1.760545 
-1.306956 1.848494 
1.079035 -1.941655 
-1.131057 -1.810842 
-1.977842 1.451870 
-2.104750 0.832707 
-1.433985 -2.031049 
-2.207076 0.855592 
-0.734973 2.409941 
0.183561 2.330265 
1.754740 1.674284 
-0.691122 2.421729 
-1.710186 1.483993 
-2.476529 0.324281 
1.669727 -1.546860 
-2.544836 -0.108668 
-2.240272 -0.831009 
1.597397 -1.516014 
1.954447 1.469923 
1.602073 1.724172 
1.508277 1.727512 
1.351681 2.085125 
0.948382 -2.266979 
-1.759945 -1.312389 
-0.324340 -2.258985 
-2.292562 1.101552 
-2.271360 0.348362 
1.064912 2.270133 
-1.697702 -1.631454 
-0.156353 -2.309924 
2.388704 -0.244675 
-0.981232 -2.272966 
2.261655 0.313543 
1.294308 -1.794165 
-1.201426 -2.070837 
-2.304926 0.475739 
-2.390170 -0.221519 
-2.279671 0.132162 
0.458376 2.133004 
-1.383384 1.709652 
1.071946 -2.067638 
0.376451 -2.092763 
1.810338 1.401583 
2.043409 0.454139 
1.678447 -1.432752 
-1.706434 1.759519 
1.786051 1.364292 
0.930352 -2.019051 
-2.091627 -0.715261 
2.119819 1.262558 
0.471686 -2.122893 
1.664260 1.290268 
-2.131963 -0.094978 
0.888266 -2.194188 
2.151366 0.687116 
-1.875648 1.481807 
1.350826 -1.721299 
-1.260640 2.107636 
-1.014028 2.130338 
-2.149949 1.030990 
0.325502 2.516999 
-2.060631 0.327745 
1.438053 2.056914 
-1.774615 -1.842344 
2.243136 -0.946580 
-1.349363 1.751203 
-1.980173 -1.200900 
-1.424253 1.593077 
2.466861 0.313747 
-2.422642 -0.030781 
-1.805488 -1.341964 
2.375663 0.842277 
-1.232360 1.862174 
2.140332 0.414372 
2.038699 -1.123491 
-0.520381 2.501358 
0.455978 -2.069719 
1.572071 -1.853775 
-1.021447 -2.197843 
-1.678312 -1.391353 
1.862596 1.665958 
-2.490648 0.037888 
2.150500 -0.732314 
2.294276 0.837695 
-1.718434 1.315564 
2.027517 -1.274018 
2.077977 0.364998 
2.368762 -0.352851 
-1.240264 1.978090 
-0.502203 -2.507494 
2.277274 0.077867 
0.105849 2.420322 
0.961806 -2.051786 
-0.571838 2.029265 
0.968526 2.327742 
2.315981 0.916263 
2.394492 0.864337 
1.317156 2.054519 
-2.216787 -0.834926 
0.339443 -2.225392 
2.216532 0.459154 
-1.018139 1.958797 
-2.183623 0.250797 
2.220572 -1.252322 
0.640036 2.143784 
-1.112141 1.848847 
-0.256142 2.091183 
0.333095 -2.079088 
1.699106 -1.568714 
-1.581039 -1.752422 
-1.416459 1.596282 
-1.449134 1.970357 
2.073480 0.881601 
2.380112 -0.287364 
0.990318 2.267390 
2.465541 -0.391325 
-1.517114 -1.996263 
-1.909435 -1.508319 
-2.091479 0.985843 
-1.148598 -1.816589 
0.161274 2.164447 
-2.337523 -0.567969 
-1.102357 1.891853 
-1.358732 -2.086712 
2.497636 0.501650 
-1.771625 -1.283108 
-0.681916 -2.282945 
-2.186056 1.022163 
-1.952890 -1.088348 
-0.450284 2.305479 
1.152909 -1.737008 
-1.467164 1.738706 
-0.771681 -2.191252 
-0.184782 -2.475912 
-2.089560 0.448583 
-1.379291 1.986562 
1.820665 1.768129 
-2.451716 -0.206012 
-1.662400 1.921582 
-1.832040 -1.155121 
2.130049 0.308265 
-0.185888 2.392820 
-0.260625 -2.334150 
2.046232 -0.788297 
-0.700818 2.282566 
0.420225 2.293400 
0.785933 -2.126691 
0.380529 -2.442912 
