-1.1252 4.5979
-0.99352 0.3309
1.4266 5.032
-2.2978 1.1743
-1.3371 7.5681
-0.72598 2.1256
-1.141 -0.41975
0.89042 1.4965
-1.673 -0.11618
-1.6785 2.1421
-2.3003 -1.3355
0.64252 2.2924
-0.63076 2.3986
-0.9469 9.1878
0.73216 -0.56593
-1.1578 3.7111
-2.7169 0.42923
-0.77897 1.6361
-1.2623 1.5766
-2.9271 2.8038
-0.77303 1.3435
-1.3476 -0.43623
-2.0954 0.70575
-1.2684 1.6746
-0.76657 6.4692
0.59123 6.3191
-0.24884 -1.1348
0.34551 5.5164
-1.4752 -4.4426
-1.6463 2.152
-0.76307 2.4904
1.824 -0.32723
-2.5372 -1.9538
-2.1677 3.5458
-1.1763 0.29487
-1.6036 -0.27895
-1.5249 -1.7562
-0.38135 -1.5177
-0.33123 3.9011
-1.4298 2.6056
-0.9672 -0.86559
-2.8105 -1.891
-0.73827 3.6196
-1.4333 1.8688
-1.9203 -1.1787
1.3198 3.6065
1.2065 1.6967
-2.2501 -0.40241
-2.7507 -0.099678
-2.8535 -2.2135
-1.9551 2.6132
-2.9814 3.2375
0.25229 -0.26984
2.2116 6.7424
-0.66912 1.9934
-1.5106 -0.56334
1.1151 4.5404
-0.56615 0.31249
-2.2519 -0.67409
-1.3341 4.0715
-0.73729 4.8828
-0.32443 -1.4443
-0.41091 -1.9812
1.1383 7.9537
-1.0756 6.2572
-0.3765 -0.11636
0.37437 7.8626
-0.63653 -1.3572
-3.8619 -0.41175
-3.2458 4.4108
0.97409 3.8407
0.96018 6.3656
-0.64096 0.57347
-2.0305 4.9912
-3.8912 -0.26725
-1.4101 4.4484
-2.7685 -0.87675
-0.37537 -2.6612
-2.6334 3.2489
-0.84808 7.0668
-0.55019 1.4186
-1.5426 4.4868
-2.0082 0.015161
-1.8698 2.4514
-1.6805 -1.0344
-0.93275 0.55249
-1.0556 -2.4244
-2.4883 3.0484
-0.46961 -1.3318
-2.2199 1.9005
-2.4204 -0.23203
-3.4233 -0.63718
-3.2807 2.2372
-1.7546 6.574
-0.38511 6.8563
0.077863 3.1111
-1.6803 5.5454
0.36928 1.985
-1.3152 -1.1056
0.9047 -0.73434
-1.2549 -0.93071
0.49529 3.0866
-0.14969 0.53529
0.1492 3.3544
-0.76828 1.5234
-1.0304 4.7857
-1.6173 2.6516
-1.0067 -0.52165
3.2728 7.9174
-4.0422 -5.1474
-2.2098 0.49697
-0.22327 2.3634
-0.25338 1.4103
-1.5538 -0.3858
0.92395 5.1336
0.0056185 2.7029
0.1146 2.6709
0.85592 -0.51789
-2.1183 -0.59965
-0.52038 -2.31
-1.6377 4.6094
-0.9491 5.4232
-0.30411 2.4513
-1.7719 -2.0456
-1.4375 0.58578
-0.098379 -0.39396
-0.81042 1.6407
-2.7265 0.72322
-0.17332 -1.1828
-1.1927 4.7621
-2.5878 2.9861
-0.61119 0.96326
2.1935 5.3604
0.35085 0.66414
-2.826 -2.3322
-2.0949 -4.7625
-0.88206 3.6986
-1.8446 -3.0999
0.62255 4.3841
-0.30198 -0.95851
1.4848 8.756
-0.777 1.7789
-0.0055065 1.5752
-1.3653 4.6842
-2.5439 1.7679
-2.4662 0.75655
-1.1106 4.5735
-3.9842 -1.9097
-1.1813 2.1934
-1.2934 5.5567
-1.6558 4.0765
-1.9406 -1.8788
-1.4949 -0.71995
-2.6933 3.2898
-1.8477 -3.2781
-0.91537 -0.33601
-1.6098 2.7395
0.17888 4.6835
0.53687 -1.0649
-1.7426 0.030845
-1.7456 2.7345
-0.25781 3.5686
-4.3678 -6.789
-0.40342 3.2715
-2.5735 -0.40863
-0.56609 4.2936
-0.17359 5.9076
-0.3964 5.1596
-1.7711 3.5229
-0.57905 1.3012
-3.6937 3.12
1.1165 3.8581
-3.2542 4.6444
-0.62685 0.28091
-2.3119 6.3649
-3.3562 0.56831
-0.16868 0.63165
-1.5007 1.5208
-2.6273 7.8014
-2.8324 -3.5944
-1.6638 2.7234
1.6024 7.3817
-1.1978 1.0001
-0.17308 3.5138
-1.8434 4.6321
-2.9736 0.88111
-1.024 2.7237
1.0218 -1.5832
-2.3368 1.2479
-1.6514 0.79977
-0.24396 3.8902
0.63755 2.3974
0.40237 0.10374
-3.402 -0.26165
-0.18246 3.2641
-1.0152 3.2879
-0.60957 1.8068
-0.98795 -2.8976
-2.6931 0.71324
-0.026179 4.9453
-1.554 1.2841
-1.5447 5.466
0.0050685 1.8837
-0.68502 -3.1197
-3.002 1.1745
-0.67854 2.8567
-2.6518 3.4373
-1.7545 -1.2378
-2.1236 0.080874
-0.3388 3.6514
-0.64252 1.0931
1.0899 2.5159
-1.0045 -0.74048
0.037682 5.6183
-1.2892 3.9824
0.53342 2.4323
-0.13571 2.4814
-0.57474 0.5575
-1.8973 5.95
0.81558 6.9779
-1.5504 -3.2157
-1.5909 2.8707
-1.6461 -3.2904
-1.2631 3.356
-3.2204 0.59353
0.18999 2.7757
-2.9584 -3.6874
-1.6628 1.1435
0.6334 0.77736
1.5376 5.5452
-1.1239 4.2169
-1.0098 -1.1411
-0.55286 2.3983
-1.4643 1.7458
0.59717 6.6068
0.4898 1.1695
0.28453 -0.79259
-1.2762 5.7417
-1.4886 1.0435
-2.1763 -6.6367
-1.2993 5.8725
-1.7609 5.9164
-0.65138 6.8745
-0.13015 -1.5029
1.1706 3.7916
-1.7509 5.8967
-0.99399 1.1274
-1.511 -0.69172
2.2454 4.3584
0.26168 -1.1378
-1.1398 5.2849
0.39387 0.87111
-1.0795 3.697
-1.8063 3.0216
-0.22216 7.0125
-2.0155 -0.76238
-0.9826 0.59365
-3.0974 2.8179
-0.90956 7.7967
-3.1878 0.85074
-1.8336 -2.515
2.0444 3.3396
0.050831 9.2559
-3.0886 2.9973
-2.9626 1.9971
-1.2335 1.3993
-0.23415 -5.7201
-2.6699 1.1666
1.7699 4.7376
0.92795 2.2622
-1.2727 6.4968
0.94898 5.126
-0.21306 1.5614
-1.3085 -1.3794
-2.2023 -0.62627
0.092812 0.2094
-3.1039 -0.21339
-3.2248 -4.0291
-1.575 -1.3697
-0.36931 1.4146
-0.83003 5.4759
0.12773 4.7007
-2.0816 3.4532
-1.7185 0.014307
-2.6348 1.9609
-1.6641 0.55068
-3.0908 1.5735
0.47009 0.97148
-0.88467 2.1524
-0.87349 3.5303
-1.3047 5.4908
-0.66297 3.8844
-1.2277 -3.4713
-3.3552 -1.7183
-1.8218 -2.1946
-1.9426 5.9568
-1.0341 -1.0142
-0.65091 -4.3538
0.28076 3.3975
-1.436 0.34031
-0.1775 6.7023
-0.23894 -1.4827
0.93126 2.3364
-2.3987 2.4651
-2.9176 -3.2864
-2.1284 1.7281
-2.5594 -1.5034
1.3713 -0.67838
-0.5705 3.2468
-0.11813 -1.8377
-1.7199 2.4345
-0.7278 1.5952
-1.5312 -0.13119
0.70798 2.0903
-2.6145 -1.1586
-1.5324 1.1423
-2.5278 6.1786
-0.055684 -0.48938
-0.73146 5.0551
-1.1698 3.7715
-1.9184 -1.0523
-1.1858 1.6082
-0.41422 5.7008
0.85538 5.4358
-2.191 -4.7083
0.21525 -6.4202
-0.15715 2.895
-0.61121 4.368
-3.9699 -1.6343
-0.22295 2.2116
-0.88375 1.7957
-2.6882 5.5053
0.088162 0.20183
-4.011 1.8711
-0.74227 2.7483
-3.0077 -0.43227
-0.76507 -0.11522
-0.59024 7.9232
-2.4439 4.0453
-0.5277 4.2315
-0.58833 0.73095
-1.5344 -0.47453
-0.045833 0.46175
-1.8843 1.6349
-0.33839 1.5851
-1.3269 3.8114
-0.57674 -2.6378
-1.3478 -0.51338
-0.084339 3.134
-0.92934 0.43687
-0.40449 1.6719
0.13063 7.9191
-0.53776 7.56
1.5162 4.6104
-0.13957 -1.9256
-4.5223 1.5613
0.85488 -2.3209
-0.92877 4.1095
-2.1159 -2.2675
-2.014 5.0591
-2.8419 -1.3259
-1.507 1.7079
-2.0415 2.6476
-1.3479 1.661
-1.2484 5.9492
-2.6869 2.6646
-1.8518 0.56284
-0.19702 2.5962
-0.3831 -0.018451
-0.366 1.9816
-0.87505 8.4308
-0.77935 9.1251
-0.21741 -5.983
-3.3426 0.77942
-0.4984 8.225
0.01414 4.7297
1.565 5.023
-2.3965 -2.2873
-0.064203 4.4413
0.26041 2.3468
-1.1674 -2.6204
-1.8797 2.5617
-3.2244 -4.1686
-0.84197 4.2908
-1.7321 4.4621
0.19975 3.5415
-0.30492 2.9421
-2.6333 2.6213
-0.485 4.9777
-1.5104 0.26846
-2.1546 -1.8042
-2.5892 -2.0719
-1.0112 1.4923
-1.5212 -3.5688
-1.5393 3.9769
0.095917 2.7233
-3.3396 -0.5673
-2.8737 4.4264
-2.3295 1.1166
-0.31272 7.9692
-0.81796 -0.58485
-2.3095 3.7976
-1.9987 -6.1928
0.95018 -3.4805
-0.99371 0.31985
-0.3183 5.8901
-3.8506 2.4317
-1.3696 0.97429
-1.2958 0.61898
-1.9429 -0.86709
-0.51391 -0.89498
0.34262 3.2033
-1.1786 0.35078
-1.8992 -1.1206
-1.8266 0.83113
0.21766 1.8946
-2.4799 -1.1503
-1.1314 1.9427
-0.26006 -2.9847
-1.2077 0.07135
-2.9728 -4.5706
-0.57969 3.4865
-1.1924 1.1675
-1.6433 -0.89431
1.2064 2.673
-3.1183 0.69936
-2.412 3.6467
-3.4996 -3.073
0.32033 4.2736
-1.4682 4.1201
-0.96195 0.52668
-1.0139 4.7977
0.83675 4.2138
-0.73123 -1.1336
-2.4837 0.30994
-5.2191 -1.4703
-0.88845 3.6823
-0.5847 -0.086374
-1.0621 1.6394
-0.5089 0.3172
-0.20664 -0.040988
-0.82137 2.8582
-0.74413 2.5331
-0.54857 4.906
0.3376 7.0466
-0.85354 3.6093
-0.29468 0.71077
-0.41681 1.2472
-3.1623 -0.05969
-2.858 -4.2115
-0.99509 -2.8193
-1.1659 -3.8141
-1.0777 4.7176
-1.1553 -2.762
-1.397 0.55196
0.34474 6.2368
0.29483 3.7827
0.73638 4.6767
-0.58169 5.0968
-0.75873 2.3483
-1.1507 -0.64142
-0.51311 -1.1826
0.10443 3.1488
-2.668 1.8399
-2.5658 2.7803
-0.42478 -0.253
0.14214 -0.72391
-0.8744 -0.066771
-1.1506 1.4
-0.58584 4.8702
-0.37386 -5.4673
-1.244 4.2442
-1.2432 6.639
-0.024042 -1.78
-0.42434 1.7739
0.30483 -3.6497
0.64613 6.27
-1.1276 -1.3443
-1.1809 3.8177
-2.1751 0.76621
0.12805 3.2916
1.1247 1.5425
-0.22426 4.9213
0.6347 3.1525
-1.5318 1.8543
-1.1208 0.52556
-3.0206 -2.1265
0.31695 1.8868
-1.4852 2.5383
-1.9041 2.709
-1.3926 3.2574
-1.3116 -0.4916
-1.9845 3.1453
1.2207 -1.2017
-0.51229 2.576
-1.6638 -2.934
-1.1624 -1.4231
-2.051 2.5621
-1.4803 3.701
-3.1832 2.0182
