5.6829 -15.535
5.5029 -11.283
5.1598 -12.79
5.7093 -8.9739
3.2955 -17.421
7.4398 -10.549
6.7003 -13.365
5.2085 -13.159
7.3391 -9.5876
9.123 -8.1485
3.6097 -11.84
5.7252 -12.491
6.2534 -11.761
7.8455 -9.2813
5.3795 -10.419
8.2316 -8.7024
7.5232 -7.565
5.5874 -13.73
4.6324 -12.759
5.7988 -10.362
5.3879 -10.288
6.8008 -9.3713
5.1554 -13.641
4.8601 -14.744
8.7958 -8.9998
8.9894 -9.4188
9.2397 -9.0361
6.7013 -12.533
6.2506 -9.1594
6.0565 -11.547
3.9897 -13.042
4.4165 -15.034
5.1909 -13.712
7.3446 -9.7768
5.4045 -12.378
6.7851 -8.5029
6.1756 -12.482
5.2645 -14.134
7.6448 -12.142
7.8974 -11.057
6.0462 -13.139
4.8052 -13.738
6.0382 -14.033
4.7159 -10.3
1.6814 -15.753
3.7782 -15.861
1.7815 -17.459
7.5551 -9.9651
4.4406 -12.305
4.2423 -14.011
2.3033 -12.174
5.3501 -11.759
5.5439 -11.832
8.4526 -9.0002
5.6614 -10.283
6.5072 -12.954
2.5709 -14.973
7.3329 -10.042
4.6465 -11.198
6.4917 -13.152
6.2114 -10.187
7.5554 -14.382
5.5958 -12.218
6.6815 -12.275
2.991 -16.182
6.8271 -10.625
4.7067 -14.36
9.8186 -7.6237
7.1926 -8.2538
5.7992 -9.5423
4.8792 -11.755
4.0988 -13.257
4.0124 -13.987
6.0792 -10.625
6.7399 -13.083
3.0202 -14.452
3.9152 -12.056
7.7952 -9.6163
9.8283 -8.2969
4.4765 -14.226
7.1914 -12.198
5.2484 -9.9348
5.0524 -13.692
7.0681 -10.096
5.4674 -12.614
7.6648 -11.907
3.548 -11.018
8.7602 -11.376
6.5016 -11.38
4.7428 -12.013
7.559 -13.105
5.6345 -10.724
4.2949 -16.483
4.4712 -13.889
9.1007 -10.657
5.5495 -11.007
3.8268 -15.68
6.5446 -14.801
2.4755 -15.787
5.5279 -9.9611
3.3887 -16.263
1.7657 -18.73
6.7839 -10.396
6.4878 -10.96
6.295 -12.932
5.3773 -14.367
4.5933 -12.422
5.87 -12.962
8.696 -10.077
7.4498 -9.6389
5.8588 -11.717
4.7023 -14.172
4.6814 -15.371
8.5022 -9.2625
5.0542 -14.538
7.054 -11.052
5.5284 -11.306
4.8818 -11.153
4.3984 -16.018
9.0745 -10.014
5.5178 -13.316
3.6654 -13.029
3.6961 -15.853
5.1925 -13.902
5.8672 -10.423
6.0744 -11.253
5.7328 -12.973
7.7751 -9.888
6.8341 -11.72
5.2173 -13.375
7.4007 -10.146
4.9122 -12.035
6.0139 -10.376
5.9098 -13.844
6.1495 -14.012
3.3724 -15.135
9.3741 -8.4547
4.2004 -11.176
8.8222 -10.251
4.832 -12.679
3.0445 -13.664
5.3657 -11.975
4.298 -11.666
4.3388 -11.414
4.4817 -10.937
6.2366 -12.309
4.5303 -14.25
12.08 -8.2867
6.1576 -6.583
8.5951 -9.3395
4.2766 -11.8
3.1067 -17.285
3.6947 -15.464
8.5634 -9.2569
8.5374 -9.4169
1.4349 -15.013
7.7908 -10.939
8.2706 -8.0606
7.1045 -13.523
5.8995 -10.758
7.8365 -10.247
5.4244 -13.112
6.2334 -13.214
6.9865 -8.308
8.2248 -9.1006
6.0316 -13.039
8.9874 -9.9503
8.572 -13.349
8.8346 -12.037
5.3186 -12.385
4.192 -14.981
6.3027 -9.2689
7.3648 -10.641
3.9292 -11.098
5.7842 -12.188
3.8759 -15.491
7.2759 -10.705
4.3663 -14.275
2.6085 -15.881
3.0604 -15.182
4.2059 -13.722
7.0253 -10.79
5.9966 -13.904
7.8949 -11.124
5.4818 -11.732
7.5096 -7.8676
4.9406 -13.27
5.107 -11.299
5.2782 -10.804
6.4441 -12.504
7.6335 -11.996
5.3697 -11.865
7.5223 -9.541
6.8401 -11.664
9.6747 -8.7155
6.0301 -11.644
3.3603 -15.641
5.1391 -12.758
3.444 -14.825
5.2707 -15.992
6.4863 -11.993
7.6949 -10.79
2.4102 -13.945
5.3393 -12.277
2.0309 -14.852
6.6079 -11.99
4.7668 -12.352
6.1244 -11.946
5.8887 -10.804
7.977 -11.84
5.7373 -12.052
6.8057 -10.848
6.5995 -8.0904
5.6418 -10.017
7.9795 -10.792
6.3041 -10.292
7.2565 -10.773
5.5866 -13.524
8.6059 -9.3579
5.827 -14.203
4.688 -12.525
2.964 -16.298
6.6905 -10.797
5.5508 -13.129
4.1284 -13.044
4.5115 -11.741
6.8556 -10.046
5.5294 -12.555
6.9377 -10.726
6.3867 -10.892
2.416 -16.197
5.1347 -11.064
8.1713 -13.762
5.1143 -11.903
5.7239 -13.134
5.267 -12.392
8.9988 -8.5089
7.2724 -13.729
6.7848 -12.902
7.6086 -10.434
7.1784 -9.5011
5.9962 -10.694
5.4913 -13.743
7.9973 -9.2765
8.2946 -9.2611
5.1958 -12.405
7.6635 -9.6514
6.3495 -12.527
8.4723 -10.445
7.497 -12.474
4.4471 -14.39
5.7433 -13.417
4.1453 -14.41
9.091 -9.2344
5.059 -10.05
7.0515 -11.791
3.9038 -14.186
6.5626 -10.643
3.1299 -13.365
8.6706 -10.146
6.3934 -10.462
10.721 -7.9516
1.3536 -17.986
7.816 -8.9708
7.6413 -13.55
4.9597 -13.901
5.8947 -11.05
8.7458 -12.15
3.8937 -13.054
5.6298 -10.164
7.0314 -11.663
5.9019 -13.926
6.7579 -12.99
6.1862 -11.817
5.0586 -11.946
6.941 -10.714
8.2307 -10.61
2.9393 -16.047
2.6334 -13.753
6.9448 -9.4948
8.2284 -11.47
7.261 -10.143
5.121 -12.622
5.2159 -14.846
6.2546 -11.693
5.7906 -12.04
7.5795 -8.8995
7.1809 -13.287
3.1216 -15.009
6.045 -11.817
7.3738 -10.037
9.093 -8.646
4.3664 -12.53
4.8431 -11.764
6.7164 -11.324
7.1964 -11.378
6.9808 -9.2823
9.5375 -6.6127
2.7983 -14.745
5.7291 -10.998
7.4927 -8.6633
7.7671 -12.182
3.2367 -12.996
6.7318 -9.7338
4.2264 -12.554
5.2419 -10.427
4.7852 -12.309
4.6818 -11.556
7.3844 -11.558
6.5764 -12.154
8.3563 -10.477
7.1308 -13.126
4.8042 -14.36
5.838 -8.9805
6.3643 -10.971
7.9499 -12.491
4.1178 -13.712
6.8317 -9.0345
3.5705 -15.629
4.9734 -12.699
6.3867 -11.975
7.2329 -12.476
10.037 -8.6918
5.2478 -8.9333
6.5031 -9.4041
5.1455 -12.271
6.1984 -13.944
5.2096 -13.186
8.5382 -9.3923
7.3798 -10.27
5.9889 -12.318
6.3624 -10.531
8.4535 -9.656
6.7563 -12.4
4.7166 -13.465
4.8695 -12.967
4.4926 -11.619
6.0457 -12.079
4.0262 -15.56
6.7072 -12.988
4.7991 -8.7057
6.9816 -10.21
9.3165 -9.3634
6.3493 -14.252
2.9591 -15.499
7.9392 -10.95
7.4527 -11.53
4.6282 -14.31
5.3997 -12.45
7.8752 -8.9346
3.5097 -14.322
8.59 -7.6087
6.6904 -13.71
5.83 -8.3964
6.8393 -13.149
8.0037 -11.269
4.2554 -12.737
5.1562 -13.765
3.2088 -18.578
5.6987 -13.153
6.1413 -13.88
4.8097 -15.405
8.1643 -8.869
5.2138 -13.018
7.3578 -9.8088
8.5269 -10.177
3.4223 -13.669
8.3556 -8.816
7.4679 -9.4674
3.6229 -15.8
4.8628 -12.94
5.9069 -14.199
7.6322 -11.601
6.6442 -10.809
6.5651 -14.907
5.1666 -13.733
8.6356 -9.4404
4.3016 -12.263
8.9945 -8.7972
5.3803 -13.187
9.254 -9.671
7.0973 -12.208
5.2823 -11.152
5.7156 -15.065
7.2116 -13.634
5.6229 -12.79
2.784 -16.625
5.2606 -13.257
6.7312 -8.8741
5.8555 -12.846
6.4596 -11.375
3.7646 -14.428
6.3546 -14.602
4.4919 -13.209
4.9115 -12.364
6.4812 -9.8872
6.2342 -10.71
4.7437 -12.187
7.1501 -9.5623
6.2491 -11.419
4.5239 -13.561
7.3322 -10.508
3.0448 -16.38
6.0504 -10.335
5.5469 -13.36
7.1396 -10.663
9.6237 -9.8412
8.0505 -10.258
5.3546 -13.309
4.1323 -12.181
4.4204 -13.346
4.5839 -11.633
5.3026 -11.063
9.6948 -8.436
8.3977 -8.7373
8.8604 -10.095
8.1459 -10.635
5.0769 -11.826
7.4415 -10.947
7.8971 -8.5788
4.7734 -15.482
6.5346 -13.718
5.956 -11.549
2.2458 -15.97
5.5457 -10.569
6.4288 -11.636
6.2858 -8.5562
7.9548 -10.45
3.9649 -13.537
4.3883 -12.238
3.3269 -13.999
4.6224 -13.181
5.0454 -8.54
8.7604 -7.8718
4.8701 -13.711
8.6104 -7.7891
7.6274 -11.483
5.8391 -10.224
3.6781 -14.656
7.7996 -13.248
5.7487 -12.844
3.2609 -12.303
6.2896 -12.665
6.1102 -13.691
4.6671 -11.588
3.567 -15.573
4.8173 -11.885
9.048 -11.349
7.0917 -10.463
6.1087 -10.706
7.3748 -12.408
5.8765 -11.556
5.1572 -13.397
5.0407 -13.054
5.397 -11.547
2.9072 -14.281
5.8763 -13.348
7.2578 -10.539
8.9286 -9.4201
9.6867 -8.3646
5.9787 -11.889
4.7926 -12.404
5.3739 -15.038
7.4098 -11.571
3.2915 -12.667
4.4042 -14.028
6.1823 -13.04
5.9919 -12.116
6.4809 -11.723
5.3752 -13.064
3.4783 -14.904
6.4347 -13.297
6.5892 -14.56
6.096 -13.389
7.7745 -11.811
7.8287 -11.223
7.7227 -8.2341
6.1838 -11.144
5.9031 -12.191
4.5824 -14.615
5.2014 -14.332
7.0469 -11.239
3.9333 -12.626
6.5335 -14.741
5.7297 -11.917
6.4708 -13.885
7.0621 -12.274
3.0379 -17.871
5.6687 -11.548
5.5402 -11.754
5.8892 -11.041
7.8021 -11.09
7.1542 -9.3863
4.5492 -15.499
6.1054 -13.237
4.863 -13.542
5.7182 -12.404
7.387 -10.732
6.7399 -10.727
4.15 -12.755
